gene_265   8355  8356  8380  8384  8390                   3.935955e-09
gene_102   2938                   2.737023e-07
gene_62   1792                   3.561874e-05
gene_121   3573  3588                   9.392415e-05
gene_3   80                   2.114530e-04
gene_125   3754  3772                   2.590550e-04
gene_298   9424                   2.725933e-04
gene_35   962                   3.808841e-04
gene_254   7962  7995                   6.397477e-04
gene_150   4526                   7.797432e-04
gene_28   757                   7.977721e-04
gene_192   5937                   7.989023e-04
gene_249   7842                   8.095657e-04
gene_218   6841                   9.291292e-04
gene_17   478                   9.575509e-04
gene_30   801  839                   1.131865e-03
gene_193   5944                   1.213628e-03
gene_42   1195                   1.287121e-03
gene_274   8588  8589                   1.593890e-03
gene_260   8139                   1.602197e-03
gene_245   7737  7742                   1.652190e-03
gene_162   4920  4932                   1.857574e-03
gene_43   1227  1235                   2.087463e-03
gene_197   6077                   2.143070e-03
gene_83   2373                   2.168503e-03
gene_268   8435                   2.214995e-03
gene_205   6378                   2.294238e-03
gene_144   4286  4289                   2.440352e-03
gene_67   1924                   2.525217e-03
gene_183   5661                   2.557201e-03
gene_181   5565                   2.591307e-03
gene_113   3307  3328                   2.707549e-03
gene_45   1275                   2.838836e-03
gene_114   3341                   2.941755e-03
gene_160   4887                   3.064154e-03
gene_55   1541  1593  1599                   3.151534e-03
gene_104   3010                   3.325800e-03
gene_22   593  610                   3.398036e-03
gene_172   5225                   3.474748e-03
gene_153   4660                   3.570707e-03
gene_222   6971                   3.589092e-03
gene_294   9278                   3.654306e-03
gene_126   3817                   3.911072e-03
gene_167   5093                   4.318862e-03
gene_235   7382                   4.378372e-03
gene_199   6098                   4.499536e-03
gene_26   680                   4.613392e-03
gene_49   1382                   4.615174e-03
gene_169   5169  5181                   4.628636e-03
gene_128   3927                   4.695853e-03
gene_79   2259                   4.767975e-03
gene_210   6604                   4.770306e-03
gene_175   5369                   4.983512e-03
gene_185   5721                   5.059787e-03
gene_224   7048                   5.069989e-03
gene_142   4223                   5.323560e-03
gene_280   8780                   5.326790e-03
gene_204   6344                   5.414772e-03
gene_69   1975                   5.556710e-03
gene_129   3972                   5.635056e-03
gene_163   4971                   5.686501e-03
gene_143   4255                   5.723129e-03
gene_74   2092                   5.730831e-03
gene_236   7415                   5.804261e-03
gene_191   5905                   5.826130e-03
gene_25   662                   5.912064e-03
gene_241   7623                   6.110643e-03
gene_234   7379                   6.189540e-03
gene_242   7673                   6.230057e-03
gene_232   7303                   6.260932e-03
gene_138   4117                   6.268647e-03
gene_217   6785  6793  6794                   8.609230e-03
gene_78   2179  2202                   1.018755e-02
gene_115   3385  3398                   1.391645e-02
gene_293   9164  9175  9196  9221                   3.055110e-02
