260 156 32
4 4
2 2 2 2 2 2 2 2 2 2 2 2 2 2 2 2 2 2 2 2 2 2 2 2 2 2 2 2 2 2 2 2 2 2 2 2 2 2 2 2 2 2 2 2 2 2 2 2 2 2 2 2 2 2 2 2 2 2 2 2 2 2 2 2 2 2 2 2 2 2 2 2 2 2 2 2 2 2 2 2 2 2 2 2 2 2 2 2 2 2 2 2 2 2 2 2 2 2 2 2 2 2 2 2 1 1 1 1 1 1 1 1 1 1 1 1 1 1 1 1 1 1 1 1 1 1 1 1 1 1 1 1 1 1 1 1 1 1 1 1 1 1 1 1 1 1 1 1 1 1 1 1 1 1 1 1 2 2 2 2 2 2 2 2 2 2 2 2 2 2 2 2 2 2 2 2 2 2 2 2 2 2 2 2 2 2 2 2 2 2 2 2 2 2 2 2 2 2 2 2 2 2 2 2 2 2 2 2 4 4 4 4 4 4 4 4 4 4 4 4 4 4 4 4 4 4 4 4 4 4 4 4 4 4 4 4 4 4 4 4 4 4 4 4 4 4 4 4 4 4 4 4 4 4 4 4 4 4 4 4 
3 3 3 3 3 3 3 3 3 3 3 3 3 3 3 3 3 3 3 3 3 3 3 3 3 3 3 3 3 3 3 3 3 3 3 3 3 3 3 3 3 3 3 3 3 3 3 3 3 3 3 3 4 4 4 4 4 4 4 4 4 4 4 4 4 4 4 4 4 4 4 4 4 4 4 4 4 4 4 4 4 4 4 4 4 4 4 4 4 4 4 4 4 4 4 4 4 4 4 4 4 4 4 4 4 4 4 4 4 4 4 4 4 4 4 4 4 4 4 4 4 4 4 4 4 4 4 4 4 4 4 4 4 4 4 4 4 4 4 4 4 4 4 4 4 4 4 4 4 4 4 4 4 4 4 4 
63 9 108 13 
64 22 109 3 
65 28 110 27 
66 20 111 31 
67 25 112 23 
68 25 113 9 
69 1 114 24 
70 16 115 13 
71 5 116 24 
72 25 117 2 
73 24 118 11 
74 8 119 4 
75 2 120 8 
76 26 121 16 
77 3 122 30 
78 30 123 10 
53 11 124 16 
54 9 125 2 
55 22 126 9 
56 3 127 11 
57 28 128 4 
58 16 129 19 
59 17 130 17 
60 17 105 14 
61 13 106 12 
62 25 107 21 
90 22 135 21 
91 7 136 3 
92 1 137 7 
93 25 138 6 
94 10 139 19 
95 9 140 6 
96 26 141 1 
97 3 142 25 
98 28 143 28 
99 17 144 3 
100 11 145 23 
101 1 146 26 
102 14 147 16 
103 10 148 14 
104 6 149 24 
79 21 150 9 
80 15 151 6 
81 14 152 15 
82 3 153 23 
83 27 154 4 
84 28 155 2 
85 13 156 4 
86 19 131 7 
87 10 132 20 
88 24 133 22 
89 11 134 4 
65 11 124 12 
66 4 125 14 
67 4 126 27 
68 14 127 17 
69 20 128 6 
70 14 129 26 
71 17 130 22 
72 26 105 11 
73 28 106 16 
74 9 107 11 
75 31 108 6 
76 22 109 16 
77 20 110 8 
78 3 111 4 
53 16 112 28 
54 24 113 10 
55 24 114 5 
56 28 115 6 
57 6 116 23 
58 14 117 30 
59 31 118 20 
60 27 119 13 
61 28 120 27 
62 28 121 14 
63 15 122 19 
64 12 123 9 
92 23 133 24 
93 4 134 17 
94 2 135 5 
95 7 136 17 
96 27 137 15 
97 15 138 25 
98 24 139 21 
99 5 140 16 
100 2 141 23 
101 19 142 26 
102 11 143 13 
103 19 144 23 
104 4 145 17 
79 5 146 31 
80 7 147 19 
81 19 148 25 
82 5 149 26 
83 5 150 28 
84 10 151 11 
85 22 152 17 
86 1 153 31 
87 6 154 23 
88 10 155 3 
89 7 156 13 
90 4 131 1 
91 9 132 2 
26 21 
1 28 
2 25 
3 16 
4 3 
5 31 
6 11 
7 6 
8 10 
9 3 
10 21 
11 12 
12 14 
13 27 
14 4 
15 8 
16 30 
17 27 
18 22 
19 22 
20 9 
21 26 
22 12 
23 8 
24 16 
25 21 
41 9 
42 4 
43 5 
44 29 
45 16 
46 3 
47 25 
48 23 
49 20 
50 19 
51 14 
52 7 
27 29 
28 14 
29 29 
30 17 
31 26 
32 19 
33 7 
34 20 
35 24 
36 25 
37 19 
38 27 
39 4 
40 17 
55 17 144 1 
56 9 145 4 
57 2 146 15 
58 19 147 22 
59 11 148 10 
60 30 149 16 
61 1 150 5 
62 13 151 2 
63 10 152 3 
64 28 153 17 
65 6 154 17 
66 3 155 30 
67 20 156 27 
68 5 131 23 
69 31 132 12 
70 22 133 17 
71 22 134 11 
72 29 135 22 
73 23 136 15 
74 31 137 9 
75 20 138 20 
76 15 139 4 
77 4 140 30 
78 10 141 7 
53 24 142 29 
54 31 143 30 
80 9 108 23 
81 9 109 17 
82 9 110 11 
83 1 111 17 
84 24 112 20 
85 15 113 7 
86 15 114 17 
87 1 115 8 
88 23 116 20 
89 8 117 10 
90 12 118 29 
91 21 119 24 
92 14 120 7 
93 6 121 9 
94 3 122 2 
95 15 123 7 
96 9 124 26 
97 16 125 6 
98 23 126 17 
99 21 127 4 
100 28 128 20 
101 15 129 4 
102 6 130 21 
103 2 105 2 
104 25 106 11 
79 17 107 13 
4 7 43 11 55 5 119 27 
5 13 44 9 56 5 120 22 
6 8 45 12 57 11 121 19 
7 16 46 8 58 22 122 10 
8 28 47 2 59 4 123 15 
9 23 48 19 60 9 124 11 
10 27 49 2 61 25 125 11 
11 16 50 26 62 1 126 30 
12 10 51 22 63 7 127 31 
13 2 52 23 64 4 128 25 
14 25 27 20 65 2 129 21 
15 3 28 22 66 25 130 5 
16 27 29 21 67 3 105 6 
17 15 30 25 68 12 106 26 
18 28 31 2 69 12 107 29 
19 14 32 17 70 19 108 8 
20 20 33 19 71 21 109 15 
21 25 34 9 72 2 110 7 
22 9 35 5 73 20 111 11 
23 26 36 1 74 24 112 24 
24 28 37 2 75 12 113 21 
25 10 38 2 76 31 114 22 
26 10 39 19 77 25 115 23 
1 24 40 23 78 2 116 28 
2 3 41 28 53 26 117 3 
3 12 42 7 54 8 118 21 
3 11 34 15 84 23 134 31 
4 23 35 11 85 31 135 17 
5 15 36 26 86 5 136 8 
6 7 37 30 87 29 137 10 
7 7 38 13 88 28 138 4 
8 24 39 26 89 27 139 26 
9 7 40 4 90 28 140 7 
10 1 41 5 91 10 141 3 
11 11 42 11 92 3 142 2 
12 24 43 24 93 20 143 1 
13 13 44 24 94 30 144 14 
14 3 45 11 95 10 145 31 
15 17 46 17 96 30 146 22 
16 26 47 26 97 17 147 14 
17 1 48 7 98 10 148 12 
18 6 49 27 99 22 149 11 
19 8 50 4 100 6 150 3 
20 15 51 8 101 5 151 14 
21 2 52 19 102 2 152 8 
22 29 27 21 103 30 153 4 
23 3 28 8 104 20 154 31 
24 9 29 20 79 22 155 10 
25 9 30 19 80 10 156 24 
26 9 31 25 81 16 131 3 
1 10 32 25 82 28 132 31 
2 4 33 23 83 15 133 5 
106 28 232 24 259 10 
107 25 233 3 260 4 
108 16 234 12 235 11 
109 3 209 7 236 23 
110 31 210 13 237 15 
111 11 211 8 238 7 
112 6 212 16 239 7 
113 10 213 28 240 24 
114 3 214 23 241 7 
115 21 215 27 242 1 
116 12 216 16 243 11 
117 14 217 10 244 24 
118 27 218 2 245 13 
119 4 219 25 246 3 
120 8 220 3 247 17 
121 30 221 27 248 26 
122 27 222 15 249 1 
123 22 223 28 250 6 
124 22 224 14 251 8 
125 9 225 20 252 15 
126 26 226 25 253 2 
127 12 227 9 254 29 
128 8 228 26 255 3 
129 16 229 28 256 9 
130 21 230 10 257 9 
105 21 231 10 258 9 
143 29 219 20 254 21 
144 14 220 22 255 8 
145 29 221 21 256 20 
146 17 222 25 257 19 
147 26 223 2 258 25 
148 19 224 17 259 25 
149 7 225 19 260 23 
150 20 226 9 235 15 
151 24 227 5 236 11 
152 25 228 1 237 26 
153 19 229 2 238 30 
154 27 230 2 239 13 
155 4 231 19 240 26 
156 17 232 23 241 4 
131 9 233 28 242 5 
132 4 234 7 243 11 
133 5 209 11 244 24 
134 29 210 9 245 24 
135 16 211 12 246 11 
136 3 212 8 247 17 
137 25 213 2 248 26 
138 23 214 19 249 7 
139 20 215 2 250 27 
140 19 216 26 251 4 
141 14 217 22 252 8 
142 7 218 23 253 19 
17 11 67 16 181 24 233 26 
18 9 68 24 182 31 234 8 
19 22 69 24 157 17 209 5 
20 3 70 28 158 9 210 5 
21 28 71 6 159 2 211 11 
22 16 72 14 160 19 212 22 
23 17 73 31 161 11 213 4 
24 17 74 27 162 30 214 9 
25 13 75 28 163 1 215 25 
26 25 76 28 164 13 216 1 
1 9 77 15 165 10 217 7 
2 22 78 12 166 28 218 4 
3 28 53 11 167 6 219 2 
4 20 54 4 168 3 220 25 
5 25 55 4 169 20 221 3 
6 25 56 14 170 5 222 12 
7 1 57 20 171 31 223 12 
8 16 58 14 172 22 224 19 
9 5 59 17 173 22 225 21 
10 25 60 26 174 29 226 2 
11 24 61 28 175 23 227 20 
12 8 62 9 176 31 228 24 
13 2 63 31 177 20 229 12 
14 26 64 22 178 15 230 31 
15 3 65 20 179 4 231 25 
16 30 66 3 180 10 232 2 
42 21 92 5 208 17 256 22 
43 15 93 7 183 9 257 10 
44 14 94 19 184 9 258 16 
45 3 95 5 185 9 259 28 
46 27 96 5 186 1 260 15 
47 28 97 10 187 24 235 23 
48 13 98 22 188 15 236 31 
49 19 99 1 189 15 237 5 
50 10 100 6 190 1 238 29 
51 24 101 10 191 23 239 28 
52 11 102 7 192 8 240 27 
27 22 103 4 193 12 241 28 
28 7 104 9 194 21 242 10 
29 1 79 23 195 14 243 3 
30 25 80 4 196 6 244 20 
31 10 81 2 197 3 245 30 
32 9 82 7 198 15 246 10 
33 26 83 27 199 9 247 30 
34 3 84 15 200 16 248 17 
35 28 85 24 201 23 249 10 
36 17 86 5 202 21 250 22 
37 11 87 2 203 28 251 6 
38 1 88 19 204 15 252 5 
39 14 89 11 205 6 253 2 
40 10 90 19 206 2 254 30 
41 6 91 4 207 25 255 20 
24 14 60 11 206 2 221 6 
25 12 61 16 207 11 222 26 
26 21 62 11 208 13 223 29 
1 13 63 6 183 23 224 8 
2 3 64 16 184 17 225 15 
3 27 65 8 185 11 226 7 
4 31 66 4 186 17 227 11 
5 23 67 28 187 20 228 24 
6 9 68 10 188 7 229 21 
7 24 69 5 189 17 230 22 
8 13 70 6 190 8 231 23 
9 24 71 23 191 20 232 28 
10 2 72 30 192 10 233 3 
11 11 73 20 193 29 234 21 
12 4 74 13 194 24 209 27 
13 8 75 27 195 7 210 22 
14 16 76 14 196 9 211 19 
15 30 77 19 197 2 212 10 
16 10 78 9 198 7 213 15 
17 16 53 12 199 26 214 11 
18 2 54 14 200 6 215 11 
19 9 55 27 201 17 216 30 
20 11 56 17 202 4 217 31 
21 4 57 6 203 20 218 25 
22 19 58 26 204 4 219 21 
23 17 59 22 205 21 220 5 
49 7 103 1 170 23 258 3 
50 20 104 2 171 12 259 31 
51 22 79 24 172 17 260 5 
52 4 80 17 173 11 235 31 
27 21 81 5 174 22 236 17 
28 3 82 17 175 15 237 8 
29 7 83 15 176 9 238 10 
30 6 84 25 177 20 239 4 
31 19 85 21 178 4 240 26 
32 6 86 16 179 30 241 7 
33 1 87 23 180 7 242 3 
34 25 88 26 181 29 243 2 
35 28 89 13 182 30 244 1 
36 3 90 23 157 1 245 14 
37 23 91 17 158 4 246 31 
38 26 92 31 159 15 247 22 
39 16 93 19 160 22 248 14 
40 14 94 25 161 10 249 12 
41 24 95 26 162 16 250 11 
42 9 96 28 163 5 251 3 
43 6 97 11 164 2 252 14 
44 15 98 17 165 3 253 8 
45 23 99 31 166 17 254 4 
46 4 100 23 167 17 255 31 
47 2 101 3 168 30 256 10 
48 4 102 13 169 27 257 24 
