Multiply Table:
0 0 0 0 0 0 0 0 0 0 0 0 0 0 0 0 0 0 0 0 0 0 0 0 0 0 0 0 0 0 0 0 0 0 0 0 0 0 0 0 0 0 0 0 0 0 0 0 0 0 0 0 0 0 0 0 0 0 0 0 0 0 0 0 0 0 0 0 0 0 0 0 0 0 0 0 0 0 0 0 0 0 0 0 0 0 0 0 0 0 0 0 0 0 0 0 0 0 0 0 0 0 0 0 0 0 0 0 0 0 0 0 0 0 0 0 0 0 0 0 0 0 0 0 0 0 0 0 
0 1 2 3 4 5 6 7 8 9 10 11 12 13 14 15 16 17 18 19 20 21 22 23 24 25 26 27 28 29 30 31 32 33 34 35 36 37 38 39 40 41 42 43 44 45 46 47 48 49 50 51 52 53 54 55 56 57 58 59 60 61 62 63 64 65 66 67 68 69 70 71 72 73 74 75 76 77 78 79 80 81 82 83 84 85 86 87 88 89 90 91 92 93 94 95 96 97 98 99 100 101 102 103 104 105 106 107 108 109 110 111 112 113 114 115 116 117 118 119 120 121 122 123 124 125 126 127 
0 2 4 6 8 10 12 14 16 18 20 22 24 26 28 30 32 34 36 38 40 42 44 46 48 50 52 54 56 58 60 62 64 66 68 70 72 74 76 78 80 82 84 86 88 90 92 94 96 98 100 102 104 106 108 110 112 114 116 118 120 122 124 126 9 11 13 15 1 3 5 7 25 27 29 31 17 19 21 23 41 43 45 47 33 35 37 39 57 59 61 63 49 51 53 55 73 75 77 79 65 67 69 71 89 91 93 95 81 83 85 87 105 107 109 111 97 99 101 103 121 123 125 127 113 115 117 119 
0 3 6 5 12 15 10 9 24 27 30 29 20 23 18 17 48 51 54 53 60 63 58 57 40 43 46 45 36 39 34 33 96 99 102 101 108 111 106 105 120 123 126 125 116 119 114 113 80 83 86 85 92 95 90 89 72 75 78 77 68 71 66 65 73 74 79 76 69 70 67 64 81 82 87 84 93 94 91 88 121 122 127 124 117 118 115 112 97 98 103 100 109 110 107 104 41 42 47 44 37 38 35 32 49 50 55 52 61 62 59 56 25 26 31 28 21 22 19 16 1 2 7 4 13 14 11 8 
0 4 8 12 16 20 24 28 32 36 40 44 48 52 56 60 64 68 72 76 80 84 88 92 96 100 104 108 112 116 120 124 9 13 1 5 25 29 17 21 41 45 33 37 57 61 49 53 73 77 65 69 89 93 81 85 105 109 97 101 121 125 113 117 18 22 26 30 2 6 10 14 50 54 58 62 34 38 42 46 82 86 90 94 66 70 74 78 114 118 122 126 98 102 106 110 27 31 19 23 11 15 3 7 59 63 51 55 43 47 35 39 91 95 83 87 75 79 67 71 123 127 115 119 107 111 99 103 
0 5 10 15 20 17 30 27 40 45 34 39 60 57 54 51 80 85 90 95 68 65 78 75 120 125 114 119 108 105 102 99 41 44 35 38 61 56 55 50 1 4 11 14 21 16 31 26 121 124 115 118 109 104 103 98 81 84 91 94 69 64 79 74 82 87 88 93 70 67 76 73 122 127 112 117 110 107 100 97 2 7 8 13 22 19 28 25 42 47 32 37 62 59 52 49 123 126 113 116 111 106 101 96 83 86 89 92 71 66 77 72 43 46 33 36 63 58 53 48 3 6 9 12 23 18 29 24 
0 6 12 10 24 30 20 18 48 54 60 58 40 46 36 34 96 102 108 106 120 126 116 114 80 86 92 90 72 78 68 66 73 79 69 67 81 87 93 91 121 127 117 115 97 103 109 107 41 47 37 35 49 55 61 59 25 31 21 19 1 7 13 11 27 29 23 17 3 5 15 9 43 45 39 33 51 53 63 57 123 125 119 113 99 101 111 105 75 77 71 65 83 85 95 89 82 84 94 88 74 76 70 64 98 100 110 104 122 124 118 112 50 52 62 56 42 44 38 32 2 4 14 8 26 28 22 16 
0 7 14 9 28 27 18 21 56 63 54 49 36 35 42 45 112 119 126 121 108 107 98 101 72 79 70 65 84 83 90 93 105 110 103 96 117 114 123 124 81 86 95 88 77 74 67 68 25 30 23 16 5 2 11 12 33 38 47 40 61 58 51 52 91 92 85 82 71 64 73 78 99 100 109 106 127 120 113 118 43 44 37 34 55 48 57 62 19 20 29 26 15 8 1 6 50 53 60 59 46 41 32 39 10 13 4 3 22 17 24 31 66 69 76 75 94 89 80 87 122 125 116 115 102 97 104 111 
0 8 16 24 32 40 48 56 64 72 80 88 96 104 112 120 9 1 25 17 41 33 57 49 73 65 89 81 105 97 121 113 18 26 2 10 50 58 34 42 82 90 66 74 114 122 98 106 27 19 11 3 59 51 43 35 91 83 75 67 123 115 107 99 36 44 52 60 4 12 20 28 100 108 116 124 68 76 84 92 45 37 61 53 13 5 29 21 109 101 125 117 77 69 93 85 54 62 38 46 22 30 6 14 118 126 102 110 86 94 70 78 63 55 47 39 31 23 15 7 127 119 111 103 95 87 79 71 
0 9 18 27 36 45 54 63 72 65 90 83 108 101 126 119 25 16 11 2 61 52 47 38 81 88 67 74 117 124 103 110 50 59 32 41 22 31 4 13 122 115 104 97 94 87 76 69 43 34 57 48 15 6 29 20 99 106 113 120 71 78 85 92 100 109 118 127 64 73 82 91 44 37 62 55 8 1 26 19 125 116 111 102 89 80 75 66 53 60 39 46 17 24 3 10 86 95 68 77 114 123 96 105 30 23 12 5 58 51 40 33 79 70 93 84 107 98 121 112 7 14 21 28 35 42 49 56 
0 10 20 30 40 34 60 54 80 90 68 78 120 114 108 102 41 35 61 55 1 11 21 31 121 115 109 103 81 91 69 79 82 88 70 76 122 112 110 100 2 8 22 28 42 32 62 52 123 113 111 101 83 89 71 77 43 33 63 53 3 9 23 29 45 39 57 51 5 15 17 27 125 119 105 99 85 95 65 75 4 14 16 26 44 38 56 50 84 94 64 74 124 118 104 98 127 117 107 97 87 93 67 73 47 37 59 49 7 13 19 25 86 92 66 72 126 116 106 96 6 12 18 24 46 36 58 48 
0 11 22 29 44 39 58 49 88 83 78 69 116 127 98 105 57 50 47 36 21 30 3 8 97 106 119 124 77 70 91 80 114 121 100 111 94 85 72 67 42 33 60 55 6 13 16 27 75 64 93 86 103 108 113 122 19 24 5 14 63 52 41 34 109 102 123 112 65 74 87 92 53 62 35 40 25 18 15 4 84 95 66 73 120 115 110 101 12 7 26 17 32 43 54 61 31 20 9 2 51 56 37 46 71 76 81 90 107 96 125 118 38 45 48 59 10 1 28 23 126 117 104 99 82 89 68 79 
0 12 24 20 48 60 40 36 96 108 120 116 80 92 72 68 73 69 81 93 121 117 97 109 41 37 49 61 25 21 1 13 27 23 3 15 43 39 51 63 123 119 99 111 75 71 83 95 82 94 74 70 98 110 122 118 50 62 42 38 2 14 26 22 54 58 46 34 6 10 30 18 86 90 78 66 102 106 126 114 127 115 103 107 79 67 87 91 31 19 7 11 47 35 55 59 45 33 53 57 29 17 5 9 77 65 85 89 125 113 101 105 100 104 124 112 84 88 76 64 4 8 28 16 52 56 44 32 
0 13 26 23 52 57 46 35 104 101 114 127 92 81 70 75 89 84 67 78 109 96 119 122 49 60 43 38 5 8 31 18 59 54 33 44 15 2 21 24 83 94 73 68 103 106 125 112 98 111 120 117 86 91 76 65 10 7 16 29 62 51 36 41 118 123 108 97 66 79 88 85 30 19 4 9 42 39 48 61 47 34 53 56 27 22 1 12 71 74 93 80 115 126 105 100 77 64 87 90 121 116 99 110 37 40 63 50 17 28 11 6 20 25 14 3 32 45 58 55 124 113 102 107 72 69 82 95 
0 14 28 18 56 54 36 42 112 126 108 98 72 70 84 90 105 103 117 123 81 95 77 67 25 23 5 11 33 47 61 51 91 85 71 73 99 109 127 113 43 37 55 57 19 29 15 1 50 60 46 32 10 4 22 24 66 76 94 80 122 116 102 104 63 49 35 45 7 9 27 21 79 65 83 93 119 121 107 101 86 88 74 68 110 96 114 124 38 40 58 52 30 16 2 12 100 106 120 118 92 82 64 78 20 26 8 6 44 34 48 62 13 3 17 31 53 59 41 39 125 115 97 111 69 75 89 87 
0 15 30 17 60 51 34 45 120 119 102 105 68 75 90 85 121 118 103 104 69 74 91 84 1 14 31 16 61 50 35 44 123 116 101 106 71 72 89 86 3 12 29 18 63 48 33 46 2 13 28 19 62 49 32 47 122 117 100 107 70 73 88 87 127 112 97 110 67 76 93 82 7 8 25 22 59 52 37 42 6 9 24 23 58 53 36 43 126 113 96 111 66 77 92 83 4 11 26 21 56 55 38 41 124 115 98 109 64 79 94 81 125 114 99 108 65 78 95 80 5 10 27 20 57 54 39 40 
0 16 32 48 64 80 96 112 9 25 41 57 73 89 105 121 18 2 50 34 82 66 114 98 27 11 59 43 91 75 123 107 36 52 4 20 100 116 68 84 45 61 13 29 109 125 77 93 54 38 22 6 118 102 86 70 63 47 31 15 127 111 95 79 72 88 104 120 8 24 40 56 65 81 97 113 1 17 33 49 90 74 122 106 26 10 58 42 83 67 115 99 19 3 51 35 108 124 76 92 44 60 12 28 101 117 69 85 37 53 5 21 126 110 94 78 62 46 30 14 119 103 87 71 55 39 23 7 
0 17 34 51 68 85 102 119 1 16 35 50 69 84 103 118 2 19 32 49 70 87 100 117 3 18 33 48 71 86 101 116 4 21 38 55 64 81 98 115 5 20 39 54 65 80 99 114 6 23 36 53 66 83 96 113 7 22 37 52 67 82 97 112 8 25 42 59 76 93 110 127 9 24 43 58 77 92 111 126 10 27 40 57 78 95 108 125 11 26 41 56 79 94 109 124 12 29 46 63 72 89 106 123 13 28 47 62 73 88 107 122 14 31 44 61 74 91 104 121 15 30 45 60 75 90 105 120 
0 18 36 54 72 90 108 126 25 11 61 47 81 67 117 103 50 32 22 4 122 104 94 76 43 57 15 29 99 113 71 85 100 118 64 82 44 62 8 26 125 111 89 75 53 39 17 3 86 68 114 96 30 12 58 40 79 93 107 121 7 21 35 49 65 83 101 119 9 27 45 63 88 74 124 110 16 2 52 38 115 97 87 69 59 41 31 13 106 120 78 92 34 48 6 20 37 55 1 19 109 127 73 91 60 46 24 10 116 102 80 66 23 5 51 33 95 77 123 105 14 28 42 56 70 84 98 112 
0 19 38 53 76 95 106 121 17 2 55 36 93 78 123 104 34 49 4 23 110 125 72 91 51 32 21 6 127 108 89 74 68 87 98 113 8 27 46 61 85 70 115 96 25 10 63 44 102 117 64 83 42 57 12 31 119 100 81 66 59 40 29 14 1 18 39 52 77 94 107 120 16 3 54 37 92 79 122 105 35 48 5 22 111 124 73 90 50 33 20 7 126 109 88 75 69 86 99 112 9 26 47 60 84 71 114 97 24 11 62 45 103 116 65 82 43 56 13 30 118 101 80 67 58 41 28 15 
0 20 40 60 80 68 120 108 41 61 1 21 121 109 81 69 82 70 122 110 2 22 42 62 123 111 83 71 43 63 3 23 45 57 5 17 125 105 85 65 4 16 44 56 84 64 124 104 127 107 87 67 47 59 7 19 86 66 126 106 6 18 46 58 90 78 114 102 10 30 34 54 115 103 91 79 35 55 11 31 8 28 32 52 88 76 112 100 33 53 9 29 113 101 89 77 119 99 95 75 39 51 15 27 94 74 118 98 14 26 38 50 37 49 13 25 117 97 93 73 12 24 36 48 92 72 116 96 
0 21 42 63 84 65 126 107 33 52 11 30 117 96 95 74 66 87 104 125 22 3 60 41 99 118 73 92 55 34 29 8 13 24 39 50 89 76 115 102 44 57 6 19 120 109 82 71 79 90 101 112 27 14 49 36 110 123 68 81 58 47 16 5 26 15 48 37 78 91 100 113 59 46 17 4 111 122 69 80 88 77 114 103 12 25 38 51 121 108 83 70 45 56 7 18 23 2 61 40 67 86 105 124 54 35 28 9 98 119 72 93 85 64 127 106 1 20 43 62 116 97 94 75 32 53 10 31 
0 22 44 58 88 78 116 98 57 47 21 3 97 119 77 91 114 100 94 72 42 60 6 16 75 93 103 113 19 5 63 41 109 123 65 87 53 35 25 15 84 66 120 110 12 26 32 54 31 9 51 37 71 81 107 125 38 48 10 28 126 104 82 68 83 69 127 105 11 29 39 49 106 124 70 80 50 36 30 8 33 55 13 27 121 111 85 67 24 14 52 34 64 86 108 122 62 40 18 4 102 112 74 92 7 17 43 61 95 73 115 101 76 90 96 118 20 2 56 46 117 99 89 79 45 59 1 23 
0 23 46 57 92 75 114 101 49 38 31 8 109 122 67 84 98 117 76 91 62 41 16 7 83 68 125 106 15 24 33 54 77 90 99 116 17 6 63 40 124 107 82 69 32 55 14 25 47 56 1 22 115 100 93 74 30 9 48 39 66 85 108 123 19 4 61 42 79 88 97 118 34 53 12 27 126 105 80 71 113 102 95 72 45 58 3 20 64 87 110 121 28 11 50 37 94 73 112 103 2 21 44 59 111 120 65 86 51 36 29 10 60 43 18 5 96 119 78 89 13 26 35 52 81 70 127 104 
0 24 48 40 96 120 80 72 73 81 121 97 41 49 25 1 27 3 43 51 123 99 75 83 82 74 98 122 50 42 2 26 54 46 6 30 86 78 102 126 127 103 79 87 31 7 47 55 45 53 29 5 77 85 125 101 100 124 84 76 4 28 52 44 108 116 92 68 12 20 60 36 37 61 21 13 69 93 117 109 119 111 71 95 23 15 39 63 62 38 14 22 94 70 110 118 90 66 106 114 58 34 10 18 19 11 35 59 115 107 67 91 65 89 113 105 33 57 17 9 8 16 56 32 104 112 88 64 
0 25 50 43 100 125 86 79 65 88 115 106 37 60 23 14 11 18 57 32 111 118 93 68 74 83 120 97 46 55 28 5 22 15 36 61 114 107 64 89 87 78 101 124 51 42 1 24 29 4 47 54 121 96 75 82 92 69 110 119 56 33 10 19 44 53 30 7 72 81 122 99 109 116 95 70 9 16 59 34 39 62 21 12 67 90 113 104 102 127 84 77 2 27 48 41 58 35 8 17 94 71 108 117 123 98 73 80 31 6 45 52 49 40 3 26 85 76 103 126 112 105 66 91 20 13 38 63 
0 26 52 46 104 114 92 70 89 67 109 119 49 43 5 31 59 33 15 21 83 73 103 125 98 120 86 76 10 16 62 36 118 108 66 88 30 4 42 48 47 53 27 1 71 93 115 105 77 87 121 99 37 63 17 11 20 14 32 58 124 102 72 82 101 127 81 75 13 23 57 35 60 38 8 18 84 78 96 122 94 68 106 112 54 44 2 24 7 29 51 41 111 117 91 65 19 9 39 61 123 97 79 85 74 80 126 100 34 56 22 12 40 50 28 6 64 90 116 110 113 107 69 95 25 3 45 55 
0 27 54 45 108 119 90 65 81 74 103 124 61 38 11 16 43 48 29 6 71 92 113 106 122 97 76 87 22 13 32 59 86 77 96 123 58 33 12 23 7 28 49 42 107 112 93 70 125 102 75 80 17 10 39 60 44 55 26 1 64 91 118 109 37 62 19 8 73 82 127 100 116 111 66 89 24 3 46 53 14 21 56 35 98 121 84 79 95 68 105 114 51 40 5 30 115 104 69 94 31 4 41 50 34 57 20 15 78 85 120 99 88 67 110 117 52 47 2 25 9 18 63 36 101 126 83 72 
0 28 56 36 112 108 72 84 105 117 81 77 25 5 33 61 91 71 99 127 43 55 19 15 50 46 10 22 66 94 122 102 63 35 7 27 79 83 119 107 86 74 110 114 38 58 30 2 100 120 92 64 20 8 44 48 13 17 53 41 125 97 69 89 126 98 70 90 14 18 54 42 23 11 47 51 103 123 95 67 37 57 29 1 85 73 109 113 76 80 116 104 60 32 4 24 65 93 121 101 49 45 9 21 40 52 16 12 88 68 96 124 26 6 34 62 106 118 82 78 115 111 75 87 3 31 59 39 
0 29 58 39 116 105 78 83 97 124 91 70 21 8 47 50 75 86 113 108 63 34 5 24 42 55 16 13 94 67 100 121 31 2 37 56 107 118 81 76 126 99 68 89 10 23 48 45 84 73 110 115 32 61 26 7 53 40 15 18 65 92 123 102 62 35 4 25 74 87 112 109 95 66 101 120 43 54 17 12 117 104 79 82 1 28 59 38 20 9 46 51 96 125 90 71 33 60 27 6 85 72 111 114 64 93 122 103 52 41 14 19 106 119 80 77 30 3 36 57 11 22 49 44 127 98 69 88 
0 30 60 34 120 102 68 90 121 103 69 91 1 31 61 35 123 101 71 89 3 29 63 33 2 28 62 32 122 100 70 88 127 97 67 93 7 25 59 37 6 24 58 36 126 96 66 92 4 26 56 38 124 98 64 94 125 99 65 95 5 27 57 39 119 105 75 85 15 17 51 45 14 16 50 44 118 104 74 84 12 18 48 46 116 106 72 86 117 107 73 87 13 19 49 47 8 22 52 42 112 110 76 82 113 111 77 83 9 23 53 43 115 109 79 81 11 21 55 41 10 20 54 40 114 108 78 80 
0 31 62 33 124 99 66 93 113 110 79 80 13 18 51 44 107 116 85 74 23 8 41 54 26 5 36 59 102 121 88 71 95 64 97 126 35 60 29 2 46 49 16 15 82 77 108 115 52 43 10 21 72 87 118 105 69 90 123 100 57 38 7 24 55 40 9 22 75 84 117 106 70 89 120 103 58 37 4 27 92 67 98 125 32 63 30 1 45 50 19 12 81 78 111 112 104 119 86 73 20 11 42 53 25 6 39 56 101 122 91 68 3 28 61 34 127 96 65 94 114 109 76 83 14 17 48 47 
0 32 64 96 9 41 73 105 18 50 82 114 27 59 91 123 36 4 100 68 45 13 109 77 54 22 118 86 63 31 127 95 72 104 8 40 65 97 1 33 90 122 26 58 83 115 19 51 108 76 44 12 101 69 37 5 126 94 62 30 119 87 55 23 25 57 89 121 16 48 80 112 11 43 75 107 2 34 66 98 61 29 125 93 52 20 116 84 47 15 111 79 38 6 102 70 81 113 17 49 88 120 24 56 67 99 3 35 74 106 10 42 117 85 53 21 124 92 60 28 103 71 39 7 110 78 46 14 
0 33 66 99 13 44 79 110 26 59 88 121 23 54 85 116 52 21 118 87 57 24 123 90 46 15 108 77 35 2 97 64 104 73 42 11 101 68 39 6 114 83 48 17 127 94 61 28 92 125 30 63 81 112 19 50 70 103 4 37 75 106 9 40 89 120 27 58 84 117 22 55 67 98 1 32 78 111 12 45 109 76 47 14 96 65 34 3 119 86 53 20 122 91 56 25 49 16 115 82 60 29 126 95 43 10 105 72 38 7 100 69 5 36 71 102 8 41 74 107 31 62 93 124 18 51 80 113 
0 34 68 102 1 35 69 103 2 32 70 100 3 33 71 101 4 38 64 98 5 39 65 99 6 36 66 96 7 37 67 97 8 42 76 110 9 43 77 111 10 40 78 108 11 41 79 109 12 46 72 106 13 47 73 107 14 44 74 104 15 45 75 105 16 50 84 118 17 51 85 119 18 48 86 116 19 49 87 117 20 54 80 114 21 55 81 115 22 52 82 112 23 53 83 113 24 58 92 126 25 59 93 127 26 56 94 124 27 57 95 125 28 62 88 122 29 63 89 123 30 60 90 120 31 61 91 121 
0 35 70 101 5 38 67 96 10 41 76 111 15 44 73 106 20 55 82 113 17 50 87 116 30 61 88 123 27 56 93 126 40 11 110 77 45 14 107 72 34 1 100 71 39 4 97 66 60 31 122 89 57 26 127 92 54 21 112 83 51 16 117 86 80 115 22 53 85 118 19 48 90 121 28 63 95 124 25 58 68 103 2 33 65 98 7 36 78 109 8 43 75 104 13 46 120 91 62 29 125 94 59 24 114 81 52 23 119 84 49 18 108 79 42 9 105 74 47 12 102 69 32 3 99 64 37 6 
0 36 72 108 25 61 81 117 50 22 122 94 43 15 99 71 100 64 44 8 125 89 53 17 86 114 30 58 79 107 7 35 65 101 9 45 88 124 16 52 115 87 59 31 106 78 34 6 37 1 109 73 60 24 116 80 23 51 95 123 14 42 70 98 11 47 67 103 18 54 90 126 57 29 113 85 32 4 104 76 111 75 39 3 118 82 62 26 93 121 21 49 68 96 12 40 74 110 2 38 83 119 27 63 120 92 48 20 97 69 41 13 46 10 102 66 55 19 127 91 28 56 84 112 5 33 77 105 
0 37 74 111 29 56 87 114 58 31 112 85 39 2 109 72 116 81 62 27 105 76 35 6 78 107 4 33 83 118 25 60 97 68 43 14 124 89 54 19 91 126 17 52 70 99 12 41 21 48 95 122 8 45 66 103 47 10 101 64 50 23 120 93 75 110 1 36 86 115 28 57 113 84 59 30 108 73 38 3 63 26 117 80 34 7 104 77 5 32 79 106 24 61 82 119 42 15 96 69 55 18 125 88 16 53 90 127 13 40 71 98 94 123 20 49 67 102 9 44 100 65 46 11 121 92 51 22 
0 38 76 106 17 55 93 123 34 4 110 72 51 21 127 89 68 98 8 46 85 115 25 63 102 64 42 12 119 81 59 29 1 39 77 107 16 54 92 122 35 5 111 73 50 20 126 88 69 99 9 47 84 114 24 62 103 65 43 13 118 80 58 28 2 36 78 104 19 53 95 121 32 6 108 74 49 23 125 91 70 96 10 44 87 113 27 61 100 66 40 14 117 83 57 31 3 37 79 105 18 52 94 120 33 7 109 75 48 22 124 90 71 97 11 45 86 112 26 60 101 67 41 15 116 82 56 30 
0 39 78 105 21 50 91 124 42 13 100 67 63 24 113 86 84 115 26 61 65 102 15 40 126 89 48 23 107 76 37 2 33 6 111 72 52 19 122 93 11 44 69 98 30 57 80 119 117 82 59 28 96 71 46 9 95 120 17 54 74 109 4 35 66 101 12 43 87 112 25 62 104 79 38 1 125 90 51 20 22 49 88 127 3 36 77 106 60 27 114 85 41 14 103 64 99 68 45 10 118 81 56 31 73 110 7 32 92 123 18 53 55 16 121 94 34 5 108 75 29 58 83 116 8 47 70 97 
0 40 80 120 41 1 121 81 82 122 2 42 123 83 43 3 45 5 125 85 4 44 84 124 127 87 47 7 86 126 6 46 90 114 10 34 115 91 35 11 8 32 88 112 33 9 113 89 119 95 39 15 94 118 14 38 37 13 117 93 12 36 92 116 61 21 109 69 20 60 68 108 111 71 63 23 70 110 22 62 16 56 64 104 57 17 105 65 66 106 18 58 107 67 59 19 103 79 55 31 78 102 30 54 53 29 101 77 28 52 76 100 74 98 26 50 99 75 51 27 24 48 72 96 49 25 97 73 
0 41 82 123 45 4 127 86 90 115 8 33 119 94 37 12 61 20 111 70 16 57 66 107 103 78 53 28 74 99 24 49 122 83 40 1 87 126 5 44 32 9 114 91 13 36 95 118 71 110 21 60 106 67 56 17 29 52 79 102 48 25 98 75 125 84 47 6 80 121 2 43 39 14 117 92 10 35 88 113 64 105 18 59 109 68 63 22 26 51 72 97 55 30 101 76 7 46 85 124 42 3 120 81 93 116 15 38 112 89 34 11 58 19 104 65 23 62 69 108 96 73 50 27 77 100 31 54 
0 42 84 126 33 11 117 95 66 104 22 60 99 73 55 29 13 39 89 115 44 6 120 82 79 101 27 49 110 68 58 16 26 48 78 100 59 17 111 69 88 114 12 38 121 83 45 7 23 61 67 105 54 28 98 72 85 127 1 43 116 94 32 10 52 30 96 74 21 63 65 107 118 92 34 8 87 125 3 41 57 19 109 71 24 50 76 102 123 81 47 5 90 112 14 36 46 4 122 80 15 37 91 113 108 70 56 18 77 103 25 51 35 9 119 93 2 40 86 124 97 75 53 31 64 106 20 62 
0 43 86 125 37 14 115 88 74 97 28 55 111 68 57 18 29 54 75 96 56 19 110 69 87 124 1 42 114 89 36 15 58 17 108 71 31 52 73 98 112 91 38 13 85 126 3 40 39 12 113 90 2 41 84 127 109 70 59 16 72 99 30 53 116 95 34 9 81 122 7 44 62 21 104 67 27 48 77 102 105 66 63 20 76 103 26 49 35 8 117 94 6 45 80 123 78 101 24 51 107 64 61 22 4 47 82 121 33 10 119 92 83 120 5 46 118 93 32 11 25 50 79 100 60 23 106 65 
0 44 88 116 57 21 97 77 114 94 42 6 75 103 19 63 109 65 53 25 84 120 12 32 31 51 71 107 38 10 126 82 83 127 11 39 106 70 50 30 33 13 121 85 24 52 64 108 62 18 102 74 7 43 95 115 76 96 20 56 117 89 45 1 47 3 119 91 22 58 78 98 93 113 5 41 100 72 60 16 66 110 26 54 123 87 35 15 48 28 104 68 9 37 81 125 124 80 36 8 69 105 29 49 14 34 86 122 55 27 111 67 17 61 73 101 40 4 112 92 99 79 59 23 90 118 2 46 
0 45 90 119 61 16 103 74 122 87 32 13 71 106 29 48 125 80 39 10 64 109 26 55 7 42 93 112 58 23 96 77 115 94 41 4 78 99 20 57 9 36 83 126 52 25 110 67 14 35 84 121 51 30 105 68 116 89 46 3 73 100 19 62 111 66 53 24 82 127 8 37 21 56 79 98 40 5 114 95 18 63 72 101 47 2 117 88 104 69 50 31 85 120 15 34 28 49 70 107 33 12 123 86 102 75 60 17 91 118 1 44 97 76 59 22 92 113 6 43 27 54 65 108 38 11 124 81 
0 46 92 114 49 31 109 67 98 76 62 16 83 125 15 33 77 99 17 63 124 82 32 14 47 1 115 93 30 48 66 108 19 61 79 97 34 12 126 80 113 95 45 3 64 110 28 50 94 112 2 44 111 65 51 29 60 18 96 78 13 35 81 127 38 8 122 84 23 57 75 101 68 106 24 54 117 91 41 7 107 69 55 25 90 116 6 40 9 39 85 123 56 22 100 74 53 27 105 71 4 42 88 118 87 121 11 37 102 72 58 20 120 86 36 10 73 103 21 59 26 52 70 104 43 5 119 89 
0 47 94 113 53 26 107 68 106 69 52 27 95 112 1 46 93 114 3 44 104 71 54 25 55 24 105 70 2 45 92 115 51 28 109 66 6 41 88 119 89 118 7 40 108 67 50 29 110 65 48 31 91 116 5 42 4 43 90 117 49 30 111 64 102 73 56 23 83 124 13 34 12 35 82 125 57 22 103 72 59 20 101 74 14 33 80 127 81 126 15 32 100 75 58 21 85 122 11 36 96 79 62 17 63 16 97 78 10 37 84 123 8 39 86 121 61 18 99 76 98 77 60 19 87 120 9 38 
0 48 96 80 73 121 41 25 27 43 123 75 82 98 50 2 54 6 86 102 127 79 31 47 45 29 77 125 100 84 4 52 108 92 12 60 37 21 69 117 119 71 23 39 62 14 94 110 90 106 58 10 19 35 115 67 65 113 33 17 8 56 104 88 81 97 49 1 24 40 120 72 74 122 42 26 3 51 99 83 103 87 7 55 46 30 78 126 124 76 28 44 53 5 85 101 61 13 93 109 116 68 20 36 38 22 70 118 111 95 15 63 11 59 107 91 66 114 34 18 16 32 112 64 89 105 57 9 
0 49 98 83 77 124 47 30 19 34 113 64 94 111 60 13 38 23 68 117 107 90 9 56 53 4 87 102 120 73 26 43 76 125 46 31 1 48 99 82 95 110 61 12 18 35 112 65 106 91 8 57 39 22 69 116 121 72 27 42 52 5 86 103 17 32 115 66 92 109 62 15 2 51 96 81 79 126 45 28 55 6 85 100 122 75 24 41 36 21 70 119 105 88 11 58 93 108 63 14 16 33 114 67 78 127 44 29 3 50 97 80 123 74 25 40 54 7 84 101 104 89 10 59 37 20 71 118 
0 50 100 86 65 115 37 23 11 57 111 93 74 120 46 28 22 36 114 64 87 101 51 1 29 47 121 75 92 110 56 10 44 30 72 122 109 95 9 59 39 21 67 113 102 84 2 48 58 8 94 108 123 73 31 45 49 3 85 103 112 66 20 38 88 106 60 14 25 43 125 79 83 97 55 5 18 32 118 68 78 124 42 24 15 61 107 89 69 119 33 19 4 54 96 82 116 70 16 34 53 7 81 99 127 77 27 41 62 12 90 104 98 80 6 52 35 17 71 117 105 91 13 63 40 26 76 126 
0 51 102 85 69 118 35 16 3 48 101 86 70 117 32 19 6 53 96 83 67 112 37 22 5 54 99 80 64 115 38 21 12 63 106 89 73 122 47 28 15 60 105 90 74 121 44 31 10 57 108 95 79 124 41 26 9 58 111 92 76 127 42 25 24 43 126 77 93 110 59 8 27 40 125 78 94 109 56 11 30 45 120 75 91 104 61 14 29 46 123 72 88 107 62 13 20 39 114 65 81 98 55 4 23 36 113 66 82 97 52 7 18 33 116 71 87 100 49 2 17 34 119 68 84 103 50 1 
0 52 104 92 89 109 49 5 59 15 83 103 98 86 10 62 118 66 30 42 47 27 71 115 77 121 37 17 20 32 124 72 101 81 13 57 60 8 84 96 94 106 54 2 7 51 111 91 19 39 123 79 74 126 34 22 40 28 64 116 113 69 25 45 67 119 43 31 26 46 114 70 120 76 16 36 33 21 73 125 53 1 93 105 108 88 4 48 14 58 102 82 87 99 63 11 38 18 78 122 127 75 23 35 29 41 117 65 68 112 44 24 80 100 56 12 9 61 97 85 107 95 3 55 50 6 90 110 
0 53 106 95 93 104 55 2 51 6 89 108 110 91 4 49 102 83 12 57 59 14 81 100 85 96 63 10 8 61 98 87 69 112 47 26 24 45 114 71 118 67 28 41 43 30 65 116 35 22 73 124 126 75 20 33 16 37 122 79 77 120 39 18 3 54 105 92 94 107 52 1 48 5 90 111 109 88 7 50 101 80 15 58 56 13 82 103 86 99 60 9 11 62 97 84 70 115 44 25 27 46 113 68 117 64 31 42 40 29 66 119 32 21 74 127 125 72 23 34 19 38 121 76 78 123 36 17 
0 54 108 90 81 103 61 11 43 29 71 113 122 76 22 32 86 96 58 12 7 49 107 93 125 75 17 39 44 26 64 118 37 19 73 127 116 66 24 46 14 56 98 84 95 105 51 5 115 69 31 41 34 20 78 120 88 110 52 2 9 63 101 83 74 124 38 16 27 45 119 65 97 87 13 59 48 6 92 106 28 42 112 70 77 123 33 23 55 1 91 109 102 80 10 60 111 89 3 53 62 8 82 100 68 114 40 30 21 35 121 79 57 15 85 99 104 94 4 50 18 36 126 72 67 117 47 25 
0 55 110 89 85 98 59 12 35 20 77 122 118 65 24 47 70 113 40 31 19 36 125 74 101 82 11 60 48 7 94 105 5 50 107 92 80 103 62 9 38 17 72 127 115 68 29 42 67 116 45 26 22 33 120 79 96 87 14 57 53 2 91 108 10 61 100 83 95 104 49 6 41 30 71 112 124 75 18 37 76 123 34 21 25 46 119 64 111 88 1 54 58 13 84 99 15 56 97 86 90 109 52 3 44 27 66 117 121 78 23 32 73 126 39 16 28 43 114 69 106 93 4 51 63 8 81 102 
0 56 112 72 105 81 25 33 91 99 43 19 50 10 66 122 63 7 79 119 86 110 38 30 100 92 20 44 13 53 125 69 126 70 14 54 23 47 103 95 37 29 85 109 76 116 60 4 65 121 49 9 40 16 88 96 26 34 106 82 115 75 3 59 117 77 5 61 28 36 108 84 46 22 94 102 71 127 55 15 74 114 58 2 35 27 83 107 17 41 97 89 120 64 8 48 11 51 123 67 98 90 18 42 80 104 32 24 57 1 73 113 52 12 68 124 93 101 45 21 111 87 31 39 6 62 118 78 
0 57 114 75 109 84 31 38 83 106 33 24 62 7 76 117 47 22 93 100 66 123 48 9 124 69 14 55 17 40 99 90 94 103 44 21 51 10 65 120 13 52 127 70 96 89 18 43 113 72 3 58 28 37 110 87 34 27 80 105 79 118 61 4 53 12 71 126 88 97 42 19 102 95 20 45 11 50 121 64 26 35 104 81 119 78 5 60 73 112 59 2 36 29 86 111 107 82 25 32 6 63 116 77 56 1 74 115 85 108 39 30 68 125 54 15 41 16 91 98 23 46 101 92 122 67 8 49 
0 58 116 78 97 91 21 47 75 113 63 5 42 16 94 100 31 37 107 81 126 68 10 48 84 110 32 26 53 15 65 123 62 4 74 112 95 101 43 17 117 79 1 59 20 46 96 90 33 27 85 111 64 122 52 14 106 80 30 36 11 49 127 69 124 70 8 50 29 39 105 83 55 13 67 121 86 108 34 24 99 89 23 45 2 56 118 76 40 18 92 102 73 115 61 7 66 120 54 12 35 25 87 109 9 51 125 71 104 82 28 38 93 103 41 19 60 6 72 114 22 44 98 88 119 77 3 57 
0 59 118 77 101 94 19 40 67 120 53 14 38 29 80 107 15 52 121 66 106 81 28 39 76 119 58 1 41 18 95 100 30 37 104 83 123 64 13 54 93 102 43 16 56 3 78 117 17 42 103 92 116 79 2 57 82 105 36 31 55 12 65 122 60 7 74 113 89 98 47 20 127 68 9 50 26 33 108 87 51 8 69 126 86 109 32 27 112 75 6 61 21 46 99 88 34 25 84 111 71 124 49 10 97 90 23 44 4 63 114 73 45 22 91 96 72 115 62 5 110 85 24 35 11 48 125 70 
0 60 120 68 121 69 1 61 123 71 3 63 2 62 122 70 127 67 7 59 6 58 126 66 4 56 124 64 125 65 5 57 119 75 15 51 14 50 118 74 12 48 116 72 117 73 13 49 8 52 112 76 113 77 9 53 115 79 11 55 10 54 114 78 103 91 31 35 30 34 102 90 28 32 100 88 101 89 29 33 24 36 96 92 97 93 25 37 99 95 27 39 26 38 98 94 16 44 104 84 105 85 17 45 107 87 19 47 18 46 106 86 111 83 23 43 22 42 110 82 20 40 108 80 109 81 21 41 
0 61 122 71 125 64 7 58 115 78 9 52 14 51 116 73 111 82 21 40 18 47 104 85 28 33 102 91 97 92 27 38 87 106 45 16 42 23 80 109 36 25 94 99 89 100 35 30 56 5 66 127 69 120 63 2 75 118 49 12 54 11 76 113 39 26 93 96 90 103 32 29 84 105 46 19 41 20 83 110 72 117 50 15 53 8 79 114 59 6 65 124 70 123 60 1 112 77 10 55 13 48 119 74 3 62 121 68 126 67 4 57 31 34 101 88 98 95 24 37 108 81 22 43 17 44 107 86 
0 62 124 66 113 79 13 51 107 85 23 41 26 36 102 88 95 97 35 29 46 16 82 108 52 10 72 118 69 123 57 7 55 9 75 117 70 120 58 4 92 98 32 30 45 19 81 111 104 86 20 42 25 39 101 91 3 61 127 65 114 76 14 48 110 80 18 44 31 33 99 93 5 59 121 71 116 74 8 54 49 15 77 115 64 126 60 2 90 100 38 24 43 21 87 105 89 103 37 27 40 22 84 106 50 12 78 112 67 125 63 1 6 56 122 68 119 73 11 53 109 83 17 47 28 34 96 94 
0 63 126 65 117 74 11 52 99 92 29 34 22 41 104 87 79 112 49 14 58 5 68 123 44 19 82 109 89 102 39 24 23 40 105 86 98 93 28 35 116 75 10 53 1 62 127 64 88 103 38 25 45 18 83 108 59 4 69 122 78 113 48 15 46 17 80 111 91 100 37 26 77 114 51 12 56 7 70 121 97 94 31 32 20 43 106 85 2 61 124 67 119 72 9 54 57 6 71 120 76 115 50 13 90 101 36 27 47 16 81 110 118 73 8 55 3 60 125 66 21 42 107 84 96 95 30 33 
0 64 9 73 18 82 27 91 36 100 45 109 54 118 63 127 72 8 65 1 90 26 83 19 108 44 101 37 126 62 119 55 25 89 16 80 11 75 2 66 61 125 52 116 47 111 38 102 81 17 88 24 67 3 74 10 117 53 124 60 103 39 110 46 50 114 59 123 32 96 41 105 22 86 31 95 4 68 13 77 122 58 115 51 104 40 97 33 94 30 87 23 76 12 69 5 43 107 34 98 57 121 48 112 15 79 6 70 29 93 20 84 99 35 106 42 113 49 120 56 71 7 78 14 85 21 92 28 
0 65 11 74 22 87 29 92 44 109 39 102 58 123 49 112 88 25 83 18 78 15 69 4 116 53 127 62 98 35 105 40 57 120 50 115 47 110 36 101 21 84 30 95 3 66 8 73 97 32 106 43 119 54 124 61 77 12 70 7 91 26 80 17 114 51 121 56 100 37 111 46 94 31 85 20 72 9 67 2 42 107 33 96 60 125 55 118 6 71 13 76 16 81 27 90 75 10 64 1 93 28 86 23 103 38 108 45 113 48 122 59 19 82 24 89 5 68 14 79 63 126 52 117 41 104 34 99 
0 66 13 79 26 88 23 85 52 118 57 123 46 108 35 97 104 42 101 39 114 48 127 61 92 30 81 19 70 4 75 9 89 27 84 22 67 1 78 12 109 47 96 34 119 53 122 56 49 115 60 126 43 105 38 100 5 71 8 74 31 93 18 80 59 121 54 116 33 99 44 110 15 77 2 64 21 87 24 90 83 17 94 28 73 11 68 6 103 37 106 40 125 63 112 50 98 32 111 45 120 58 117 55 86 20 91 25 76 14 65 3 10 72 7 69 16 82 29 95 62 124 51 113 36 102 41 107 
0 67 15 76 30 93 17 82 60 127 51 112 34 97 45 110 120 59 119 52 102 37 105 42 68 7 75 8 90 25 85 22 121 58 118 53 103 36 104 43 69 6 74 9 91 24 84 23 1 66 14 77 31 92 16 83 61 126 50 113 35 96 44 111 123 56 116 55 101 38 106 41 71 4 72 11 89 26 86 21 3 64 12 79 29 94 18 81 63 124 48 115 33 98 46 109 2 65 13 78 28 95 19 80 62 125 49 114 32 99 47 108 122 57 117 54 100 39 107 40 70 5 73 10 88 27 87 20 
0 68 1 69 2 70 3 71 4 64 5 65 6 66 7 67 8 76 9 77 10 78 11 79 12 72 13 73 14 74 15 75 16 84 17 85 18 86 19 87 20 80 21 81 22 82 23 83 24 92 25 93 26 94 27 95 28 88 29 89 30 90 31 91 32 100 33 101 34 102 35 103 36 96 37 97 38 98 39 99 40 108 41 109 42 110 43 111 44 104 45 105 46 106 47 107 48 116 49 117 50 118 51 119 52 112 53 113 54 114 55 115 56 124 57 125 58 126 59 127 60 120 61 121 62 122 63 123 
0 69 3 70 6 67 5 64 12 73 15 74 10 79 9 76 24 93 27 94 30 91 29 88 20 81 23 82 18 87 17 84 48 117 51 118 54 115 53 112 60 121 63 122 58 127 57 124 40 109 43 110 46 107 45 104 36 97 39 98 34 103 33 100 96 37 99 38 102 35 101 32 108 41 111 42 106 47 105 44 120 61 123 62 126 59 125 56 116 49 119 50 114 55 113 52 80 21 83 22 86 19 85 16 92 25 95 26 90 31 89 28 72 13 75 14 78 11 77 8 68 1 71 2 66 7 65 4 
0 70 5 67 10 76 15 73 20 82 17 87 30 88 27 93 40 110 45 107 34 100 39 97 60 122 57 127 54 112 51 117 80 22 85 19 90 28 95 25 68 2 65 7 78 8 75 13 120 62 125 59 114 52 119 49 108 42 105 47 102 32 99 37 41 111 44 106 35 101 38 96 61 123 56 126 55 113 50 116 1 71 4 66 11 77 14 72 21 83 16 86 31 89 26 92 121 63 124 58 115 53 118 48 109 43 104 46 103 33 98 36 81 23 84 18 91 29 94 24 69 3 64 6 79 9 74 12 
0 71 7 64 14 73 9 78 28 91 27 92 18 85 21 82 56 127 63 120 54 113 49 118 36 99 35 100 42 109 45 106 112 55 119 48 126 57 121 62 108 43 107 44 98 37 101 34 72 15 79 8 70 1 65 6 84 19 83 20 90 29 93 26 105 46 110 41 103 32 96 39 117 50 114 53 123 60 124 59 81 22 86 17 95 24 88 31 77 10 74 13 67 4 68 3 25 94 30 89 23 80 16 87 5 66 2 69 11 76 12 75 33 102 38 97 47 104 40 111 61 122 58 125 51 116 52 115 
0 72 25 81 50 122 43 99 100 44 125 53 86 30 79 7 65 9 88 16 115 59 106 34 37 109 60 116 23 95 14 70 11 67 18 90 57 113 32 104 111 39 118 62 93 21 68 12 74 2 83 27 120 48 97 41 46 102 55 127 28 84 5 77 22 94 15 71 36 108 61 117 114 58 107 35 64 8 89 17 87 31 78 6 101 45 124 52 51 123 42 98 1 73 24 80 29 85 4 76 47 103 54 126 121 49 96 40 75 3 82 26 92 20 69 13 110 38 119 63 56 112 33 105 10 66 19 91 
0 73 27 82 54 127 45 100 108 37 119 62 90 19 65 8 81 24 74 3 103 46 124 53 61 116 38 111 11 66 16 89 43 98 48 121 29 84 6 79 71 14 92 21 113 56 106 35 122 51 97 40 76 5 87 30 22 95 13 68 32 105 59 114 86 31 77 4 96 41 123 50 58 115 33 104 12 69 23 94 7 78 28 85 49 120 42 99 107 34 112 57 93 20 70 15 125 52 102 47 75 2 80 25 17 88 10 67 39 110 60 117 44 101 55 126 26 83 1 72 64 9 91 18 118 63 109 36 
0 74 29 87 58 112 39 109 116 62 105 35 78 4 83 25 97 43 124 54 91 17 70 12 21 95 8 66 47 101 50 120 75 1 86 28 113 59 108 38 63 117 34 104 5 79 24 82 42 96 55 125 16 90 13 71 94 20 67 9 100 46 121 51 31 85 2 72 37 111 56 114 107 33 118 60 81 27 76 6 126 52 99 41 68 14 89 19 10 64 23 93 48 122 45 103 84 30 73 3 110 36 115 57 32 106 61 119 26 80 7 77 53 127 40 98 15 69 18 88 65 11 92 22 123 49 102 44 
0 75 31 84 62 117 33 106 124 55 99 40 66 9 93 22 113 58 110 37 79 4 80 27 13 70 18 89 51 120 44 103 107 32 116 63 85 30 74 1 23 92 8 67 41 98 54 125 26 81 5 78 36 111 59 112 102 45 121 50 88 19 71 12 95 20 64 11 97 42 126 53 35 104 60 119 29 86 2 73 46 101 49 122 16 91 15 68 82 25 77 6 108 39 115 56 52 127 43 96 10 65 21 94 72 3 87 28 118 61 105 34 69 14 90 17 123 48 100 47 57 114 38 109 7 76 24 83 
0 76 17 93 34 110 51 127 68 8 85 25 102 42 119 59 1 77 16 92 35 111 50 126 69 9 84 24 103 43 118 58 2 78 19 95 32 108 49 125 70 10 87 27 100 40 117 57 3 79 18 94 33 109 48 124 71 11 86 26 101 41 116 56 4 72 21 89 38 106 55 123 64 12 81 29 98 46 115 63 5 73 20 88 39 107 54 122 65 13 80 28 99 47 114 62 6 74 23 91 36 104 53 121 66 14 83 31 96 44 113 61 7 75 22 90 37 105 52 120 67 15 82 30 97 45 112 60 
0 77 19 94 38 107 53 120 76 1 95 18 106 39 121 52 17 92 2 79 55 122 36 105 93 16 78 3 123 54 104 37 34 111 49 124 4 73 23 90 110 35 125 48 72 5 91 22 51 126 32 109 21 88 6 75 127 50 108 33 89 20 74 7 68 9 87 26 98 47 113 60 8 69 27 86 46 99 61 112 85 24 70 11 115 62 96 45 25 84 10 71 63 114 44 97 102 43 117 56 64 13 83 30 42 103 57 116 12 65 31 82 119 58 100 41 81 28 66 15 59 118 40 101 29 80 14 67 
0 78 21 91 42 100 63 113 84 26 65 15 126 48 107 37 33 111 52 122 11 69 30 80 117 59 96 46 95 17 74 4 66 12 87 25 104 38 125 51 22 88 3 77 60 114 41 103 99 45 118 56 73 7 92 18 55 121 34 108 29 83 8 70 13 67 24 86 39 105 50 124 89 23 76 2 115 61 102 40 44 98 57 119 6 72 19 93 120 54 109 35 82 28 71 9 79 1 90 20 101 43 112 62 27 85 14 64 49 127 36 106 110 32 123 53 68 10 81 31 58 116 47 97 16 94 5 75 
0 79 23 88 46 97 57 118 92 19 75 4 114 61 101 42 49 126 38 105 31 80 8 71 109 34 122 53 67 12 84 27 98 45 117 58 76 3 91 20 62 113 41 102 16 95 7 72 83 28 68 11 125 50 106 37 15 64 24 87 33 110 54 121 77 2 90 21 99 44 116 59 17 94 6 73 63 112 40 103 124 51 107 36 82 29 69 10 32 111 55 120 14 65 25 86 47 96 56 119 1 78 22 89 115 60 100 43 93 18 74 5 30 81 9 70 48 127 39 104 66 13 85 26 108 35 123 52 
0 80 41 121 82 2 123 43 45 125 4 84 127 47 86 6 90 10 115 35 8 88 33 113 119 39 94 14 37 117 12 92 61 109 20 68 111 63 70 22 16 64 57 105 66 18 107 59 103 55 78 30 53 101 28 76 74 26 99 51 24 72 49 97 122 42 83 3 40 120 1 81 87 7 126 46 5 85 44 124 32 112 9 89 114 34 91 11 13 93 36 116 95 15 118 38 71 23 110 62 21 69 60 108 106 58 67 19 56 104 17 65 29 77 52 100 79 31 102 54 48 96 25 73 98 50 75 27 
0 81 43 122 86 7 125 44 37 116 14 95 115 34 88 9 74 27 97 48 28 77 55 102 111 62 68 21 57 104 18 67 29 76 54 103 75 26 96 49 56 105 19 66 110 63 69 20 87 6 124 45 1 80 42 123 114 35 89 8 36 117 15 94 58 107 17 64 108 61 71 22 31 78 52 101 73 24 98 51 112 33 91 10 38 119 13 92 85 4 126 47 3 82 40 121 39 118 12 93 113 32 90 11 2 83 41 120 84 5 127 46 109 60 70 23 59 106 16 65 72 25 99 50 30 79 53 100 
0 82 45 127 90 8 119 37 61 111 16 66 103 53 74 24 122 40 87 5 32 114 13 95 71 21 106 56 29 79 48 98 125 47 80 2 39 117 10 88 64 18 109 63 26 72 55 101 7 85 42 120 93 15 112 34 58 104 23 69 96 50 77 31 115 33 94 12 41 123 4 86 78 28 99 49 20 70 57 107 9 91 36 118 83 1 126 44 52 102 25 75 110 60 67 17 14 92 35 113 84 6 121 43 51 97 30 76 105 59 68 22 116 38 89 11 46 124 3 81 73 27 100 54 19 65 62 108 
0 83 47 124 94 13 113 34 53 102 26 73 107 56 68 23 106 57 69 22 52 103 27 72 95 12 112 35 1 82 46 125 93 14 114 33 3 80 44 127 104 59 71 20 54 101 25 74 55 100 24 75 105 58 70 21 2 81 45 126 92 15 115 32 51 96 28 79 109 62 66 17 6 85 41 122 88 11 119 36 89 10 118 37 7 84 40 123 108 63 67 16 50 97 29 78 110 61 65 18 48 99 31 76 91 8 116 39 5 86 42 121 4 87 43 120 90 9 117 38 49 98 30 77 111 60 64 19 
0 84 33 117 66 22 99 55 13 89 44 120 79 27 110 58 26 78 59 111 88 12 121 45 23 67 54 98 85 1 116 32 52 96 21 65 118 34 87 3 57 109 24 76 123 47 90 14 46 122 15 91 108 56 77 25 35 119 2 86 97 53 64 20 104 60 73 29 42 126 11 95 101 49 68 16 39 115 6 82 114 38 83 7 48 100 17 69 127 43 94 10 61 105 28 72 92 8 125 41 30 74 63 107 81 5 112 36 19 71 50 102 70 18 103 51 4 80 37 113 75 31 106 62 9 93 40 124 
0 85 35 118 70 19 101 48 5 80 38 115 67 22 96 53 10 95 41 124 76 25 111 58 15 90 44 121 73 28 106 63 20 65 55 98 82 7 113 36 17 68 50 103 87 2 116 33 30 75 61 104 88 13 123 46 27 78 56 109 93 8 126 43 40 125 11 94 110 59 77 24 45 120 14 91 107 62 72 29 34 119 1 84 100 49 71 18 39 114 4 81 97 52 66 23 60 105 31 74 122 47 89 12 57 108 26 79 127 42 92 9 54 99 21 64 112 37 83 6 51 102 16 69 117 32 86 3 
0 86 37 115 74 28 111 57 29 75 56 110 87 1 114 36 58 108 31 73 112 38 85 3 39 113 2 84 109 59 72 30 116 34 81 7 62 104 27 77 105 63 76 26 35 117 6 80 78 24 107 61 4 82 33 119 83 5 118 32 25 79 60 106 97 55 68 18 43 125 14 88 124 42 89 15 54 96 19 69 91 13 126 40 17 71 52 98 70 16 99 53 12 90 41 127 21 67 48 102 95 9 122 44 8 94 45 123 66 20 103 49 47 121 10 92 101 51 64 22 50 100 23 65 120 46 93 11 
0 87 39 112 78 25 105 62 21 66 50 101 91 12 124 43 42 125 13 90 100 51 67 20 63 104 24 79 113 38 86 1 84 3 115 36 26 77 61 106 65 22 102 49 15 88 40 127 126 41 89 14 48 103 23 64 107 60 76 27 37 114 2 85 33 118 6 81 111 56 72 31 52 99 19 68 122 45 93 10 11 92 44 123 69 18 98 53 30 73 57 110 80 7 119 32 117 34 82 5 59 108 28 75 96 55 71 16 46 121 9 94 95 8 120 47 17 70 54 97 74 29 109 58 4 83 35 116 
0 88 57 97 114 42 75 19 109 53 84 12 31 71 38 126 83 11 106 50 33 121 24 64 62 102 7 95 76 20 117 45 47 119 22 78 93 5 100 60 66 26 123 35 48 104 9 81 124 36 69 29 14 86 55 111 17 73 40 112 99 59 90 2 94 6 103 63 44 116 21 77 51 107 10 82 65 25 120 32 13 85 52 108 127 39 70 30 96 56 89 1 18 74 43 115 113 41 72 16 3 91 58 98 28 68 37 125 110 54 87 15 34 122 27 67 80 8 105 49 79 23 118 46 61 101 4 92 
0 89 59 98 118 47 77 20 101 60 94 7 19 74 40 113 67 26 120 33 53 108 14 87 38 127 29 68 80 9 107 50 15 86 52 109 121 32 66 27 106 51 81 8 28 69 39 126 76 21 119 46 58 99 1 88 41 112 18 75 95 6 100 61 30 71 37 124 104 49 83 10 123 34 64 25 13 84 54 111 93 4 102 63 43 114 16 73 56 97 3 90 78 23 117 44 17 72 42 115 103 62 92 5 116 45 79 22 2 91 57 96 82 11 105 48 36 125 31 70 55 110 12 85 65 24 122 35 
0 90 61 103 122 32 71 29 125 39 64 26 7 93 58 96 115 41 78 20 9 83 52 110 14 84 51 105 116 46 73 19 111 53 82 8 21 79 40 114 18 72 47 117 104 50 85 15 28 70 33 123 102 60 91 1 97 59 92 6 27 65 38 124 87 13 106 48 45 119 16 74 42 112 23 77 80 10 109 55 36 126 25 67 94 4 99 57 89 3 100 62 35 121 30 68 56 98 5 95 66 24 127 37 69 31 120 34 63 101 2 88 75 17 118 44 49 107 12 86 54 108 11 81 76 22 113 43 
0 91 63 100 126 37 65 26 117 46 74 17 11 80 52 111 99 56 92 7 29 70 34 121 22 77 41 114 104 51 87 12 79 20 112 43 49 106 14 85 58 97 5 94 68 31 123 32 44 119 19 72 82 9 109 54 89 2 102 61 39 124 24 67 23 76 40 115 105 50 86 13 98 57 93 6 28 71 35 120 116 47 75 16 10 81 53 110 1 90 62 101 127 36 64 27 88 3 103 60 38 125 25 66 45 118 18 73 83 8 108 55 59 96 4 95 69 30 122 33 78 21 113 42 48 107 15 84 
0 92 49 109 98 62 83 15 77 17 124 32 47 115 30 66 19 79 34 126 113 45 64 28 94 2 111 51 60 96 13 81 38 122 23 75 68 24 117 41 107 55 90 6 9 85 56 100 53 105 4 88 87 11 102 58 120 36 73 21 26 70 43 119 76 16 125 33 46 114 31 67 1 93 48 108 99 63 82 14 95 3 110 50 61 97 12 80 18 78 35 127 112 44 65 29 106 54 91 7 8 84 57 101 39 123 22 74 69 25 116 40 121 37 72 20 27 71 42 118 52 104 5 89 86 10 103 59 
0 93 51 110 102 59 85 8 69 24 118 43 35 126 16 77 3 94 48 109 101 56 86 11 70 27 117 40 32 125 19 78 6 91 53 104 96 61 83 14 67 30 112 45 37 120 22 75 5 88 54 107 99 62 80 13 64 29 115 46 38 123 21 72 12 81 63 98 106 55 89 4 73 20 122 39 47 114 28 65 15 82 60 97 105 52 90 7 74 23 121 36 44 113 31 66 10 87 57 100 108 49 95 2 79 18 124 33 41 116 26 71 9 84 58 103 111 50 92 1 76 17 127 34 42 119 25 68 
0 94 53 107 106 52 95 1 93 3 104 54 55 105 2 92 51 109 6 88 89 7 108 50 110 48 91 5 4 90 49 111 102 56 83 13 12 82 57 103 59 101 14 80 81 15 100 58 85 11 96 62 63 97 10 84 8 86 61 99 98 60 87 9 69 27 112 46 47 113 26 68 24 70 45 115 114 44 71 25 118 40 67 29 28 66 41 119 43 117 30 64 65 31 116 42 35 125 22 72 73 23 124 34 126 32 75 21 20 74 33 127 16 78 37 123 122 36 79 17 77 19 120 38 39 121 18 76 
0 95 55 104 110 49 89 6 85 10 98 61 59 100 12 83 35 124 20 75 77 18 122 37 118 41 65 30 24 71 47 112 70 25 113 46 40 119 31 64 19 76 36 123 125 34 74 21 101 58 82 13 11 84 60 99 48 111 7 88 94 1 105 54 5 90 50 109 107 52 92 3 80 15 103 56 62 97 9 86 38 121 17 78 72 23 127 32 115 44 68 27 29 66 42 117 67 28 116 43 45 114 26 69 22 73 33 126 120 39 79 16 96 63 87 8 14 81 57 102 53 106 2 93 91 4 108 51 
0 96 73 41 27 123 82 50 54 86 127 31 45 77 100 4 108 12 37 69 119 23 62 94 90 58 19 115 65 33 8 104 81 49 24 120 74 42 3 99 103 7 46 78 124 28 53 85 61 93 116 20 38 70 111 15 11 107 66 34 16 112 89 57 43 75 98 2 48 80 121 25 29 125 84 52 6 102 79 47 71 39 14 110 92 60 21 117 113 17 56 88 106 10 35 67 122 26 51 83 97 1 40 72 76 44 5 101 87 55 30 126 22 118 95 63 13 109 68 36 32 64 105 9 59 91 114 18 
0 97 75 42 31 126 84 53 62 95 117 20 33 64 106 11 124 29 55 86 99 2 40 73 66 35 9 104 93 60 22 119 113 16 58 91 110 15 37 68 79 46 4 101 80 49 27 122 13 108 70 39 18 115 89 56 51 82 120 25 44 77 103 6 107 10 32 65 116 21 63 94 85 52 30 127 74 43 1 96 23 118 92 61 8 105 67 34 41 72 98 3 54 87 125 28 26 123 81 48 5 100 78 47 36 69 111 14 59 90 112 17 102 7 45 76 121 24 50 83 88 57 19 114 71 38 12 109 
0 98 77 47 19 113 94 60 38 68 107 9 53 87 120 26 76 46 1 99 95 61 18 112 106 8 39 69 121 27 52 86 17 115 92 62 2 96 79 45 55 85 122 24 36 70 105 11 93 63 16 114 78 44 3 97 123 25 54 84 104 10 37 71 34 64 111 13 49 83 124 30 4 102 73 43 23 117 90 56 110 12 35 65 125 31 48 82 72 42 5 103 91 57 22 116 51 81 126 28 32 66 109 15 21 119 88 58 6 100 75 41 127 29 50 80 108 14 33 67 89 59 20 118 74 40 7 101 
0 99 79 44 23 116 88 59 46 77 97 2 57 90 118 21 92 63 19 112 75 40 4 103 114 17 61 94 101 6 42 73 49 82 126 29 38 69 105 10 31 124 80 51 8 107 71 36 109 14 34 65 122 25 53 86 67 32 12 111 84 55 27 120 98 1 45 78 117 22 58 89 76 47 3 96 91 56 20 119 62 93 113 18 41 74 102 5 16 115 95 60 7 100 72 43 83 48 28 127 68 39 11 104 125 30 50 81 106 9 37 70 15 108 64 35 24 123 87 52 33 66 110 13 54 85 121 26 
0 100 65 37 11 111 74 46 22 114 87 51 29 121 92 56 44 72 109 9 39 67 102 2 58 94 123 31 49 85 112 20 88 60 25 125 83 55 18 118 78 42 15 107 69 33 4 96 116 16 53 81 127 27 62 90 98 6 35 71 105 13 40 76 57 93 120 28 50 86 115 23 47 75 110 10 36 64 101 1 21 113 84 48 30 122 95 59 3 103 66 38 8 108 73 45 97 5 32 68 106 14 43 79 119 19 54 82 124 24 61 89 77 41 12 104 70 34 7 99 91 63 26 126 80 52 17 117 
0 101 67 38 15 106 76 41 30 123 93 56 17 116 82 55 60 89 127 26 51 86 112 21 34 71 97 4 45 72 110 11 120 29 59 94 119 18 52 81 102 3 37 64 105 12 42 79 68 33 7 98 75 46 8 109 90 63 25 124 85 48 22 115 121 28 58 95 118 19 53 80 103 2 36 65 104 13 43 78 69 32 6 99 74 47 9 108 91 62 24 125 84 49 23 114 1 100 66 39 14 107 77 40 31 122 92 57 16 117 83 54 61 88 126 27 50 87 113 20 35 70 96 5 44 73 111 10 
0 102 69 35 3 101 70 32 6 96 67 37 5 99 64 38 12 106 73 47 15 105 74 44 10 108 79 41 9 111 76 42 24 126 93 59 27 125 94 56 30 120 91 61 29 123 88 62 20 114 81 55 23 113 82 52 18 116 87 49 17 119 84 50 48 86 117 19 51 85 118 16 54 80 115 21 53 83 112 22 60 90 121 31 63 89 122 28 58 92 127 25 57 95 124 26 40 78 109 11 43 77 110 8 46 72 107 13 45 75 104 14 36 66 97 7 39 65 98 4 34 68 103 1 33 71 100 2 
0 103 71 32 7 96 64 39 14 105 73 46 9 110 78 41 28 123 91 60 27 124 92 59 18 117 85 50 21 114 82 53 56 95 127 24 63 88 120 31 54 81 113 22 49 86 118 17 36 67 99 4 35 68 100 3 42 77 109 10 45 74 106 13 112 23 55 80 119 16 48 87 126 25 57 94 121 30 62 89 108 11 43 76 107 12 44 75 98 5 37 66 101 2 34 69 72 47 15 104 79 40 8 111 70 33 1 102 65 38 6 97 84 51 19 116 83 52 20 115 90 61 29 122 93 58 26 125 
0 104 89 49 59 83 98 10 118 30 47 71 77 37 20 124 101 13 60 84 94 54 7 111 19 123 74 34 40 64 113 25 67 43 26 114 120 16 33 73 53 93 108 4 14 102 87 63 38 78 127 23 29 117 68 44 80 56 9 97 107 3 50 90 15 103 86 62 52 92 109 5 121 17 32 72 66 42 27 115 106 2 51 91 81 57 8 96 28 116 69 45 39 79 126 22 76 36 21 125 119 31 46 70 58 82 99 11 1 105 88 48 41 65 112 24 18 122 75 35 95 55 6 110 100 12 61 85 
0 105 91 50 63 86 100 13 126 23 37 76 65 40 26 115 117 28 46 71 74 35 17 120 11 98 80 57 52 93 111 6 99 10 56 81 92 53 7 110 29 116 70 47 34 75 121 16 22 127 77 36 41 64 114 27 104 1 51 90 87 62 12 101 79 38 20 125 112 25 43 66 49 88 106 3 14 103 85 60 58 83 97 8 5 108 94 55 68 45 31 118 123 18 32 73 44 69 119 30 19 122 72 33 82 59 9 96 109 4 54 95 89 48 2 107 102 15 61 84 39 78 124 21 24 113 67 42 
0 106 93 55 51 89 110 4 102 12 59 81 85 63 8 98 69 47 24 114 118 28 43 65 35 73 126 20 16 122 77 39 3 105 94 52 48 90 109 7 101 15 56 82 86 60 11 97 70 44 27 113 117 31 40 66 32 74 125 23 19 121 78 36 6 108 91 49 53 95 104 2 96 10 61 87 83 57 14 100 67 41 30 116 112 26 45 71 37 79 120 18 22 124 75 33 5 111 88 50 54 92 107 1 99 9 62 84 80 58 13 103 64 42 29 119 115 25 46 68 38 76 123 17 21 127 72 34 
0 107 95 52 55 92 104 3 110 5 49 90 89 50 6 109 85 62 10 97 98 9 61 86 59 80 100 15 12 103 83 56 35 72 124 23 20 127 75 32 77 38 18 121 122 17 37 78 118 29 41 66 65 42 30 117 24 115 71 44 47 68 112 27 70 45 25 114 113 26 46 69 40 67 119 28 31 116 64 43 19 120 76 39 36 79 123 16 125 22 34 73 74 33 21 126 101 14 58 81 82 57 13 102 11 96 84 63 60 87 99 8 48 91 111 4 7 108 88 51 94 53 1 106 105 2 54 93 
0 108 81 61 43 71 122 22 86 58 7 107 125 17 44 64 37 73 116 24 14 98 95 51 115 31 34 78 88 52 9 101 74 38 27 119 97 13 48 92 28 112 77 33 55 91 102 10 111 3 62 82 68 40 21 121 57 85 104 4 18 126 67 47 29 113 76 32 54 90 103 11 75 39 26 118 96 12 49 93 56 84 105 5 19 127 66 46 110 2 63 83 69 41 20 120 87 59 6 106 124 16 45 65 1 109 80 60 42 70 123 23 114 30 35 79 89 53 8 100 36 72 117 25 15 99 94 50 
0 109 83 62 47 66 124 17 94 51 13 96 113 28 34 79 53 88 102 11 26 119 73 36 107 6 56 85 68 41 23 122 106 7 57 84 69 40 22 123 52 89 103 10 27 118 72 37 95 50 12 97 112 29 35 78 1 108 82 63 46 67 125 16 93 48 14 99 114 31 33 76 3 110 80 61 44 65 127 18 104 5 59 86 71 42 20 121 54 91 101 8 25 116 74 39 55 90 100 9 24 117 75 38 105 4 58 87 70 43 21 120 2 111 81 60 45 64 126 19 92 49 15 98 115 30 32 77 
0 110 85 59 35 77 118 24 70 40 19 125 101 11 48 94 5 107 80 62 38 72 115 29 67 45 22 120 96 14 53 91 10 100 95 49 41 71 124 18 76 34 25 119 111 1 58 84 15 97 90 52 44 66 121 23 73 39 28 114 106 4 63 81 20 122 65 47 55 89 98 12 82 60 7 105 113 31 36 74 17 127 68 42 50 92 103 9 87 57 2 108 116 26 33 79 30 112 75 37 61 83 104 6 88 54 13 99 123 21 46 64 27 117 78 32 56 86 109 3 93 51 8 102 126 16 43 69 
0 111 87 56 39 72 112 31 78 33 25 118 105 6 62 81 21 122 66 45 50 93 101 10 91 52 12 99 124 19 43 68 42 69 125 18 13 98 90 53 100 11 51 92 67 44 20 123 63 80 104 7 24 119 79 32 113 30 38 73 86 57 1 110 84 59 3 108 115 28 36 75 26 117 77 34 61 82 106 5 65 46 22 121 102 9 49 94 15 96 88 55 40 71 127 16 126 17 41 70 89 54 14 97 48 95 103 8 23 120 64 47 107 4 60 83 76 35 27 116 37 74 114 29 2 109 85 58 
0 112 105 25 91 43 50 66 63 79 86 38 100 20 13 125 126 14 23 103 37 85 76 60 65 49 40 88 26 106 115 3 117 5 28 108 46 94 71 55 74 58 35 83 17 97 120 8 11 123 98 18 80 32 57 73 52 68 93 45 111 31 6 118 99 19 10 122 56 72 81 33 92 44 53 69 7 119 110 30 29 109 116 4 70 54 47 95 34 82 75 59 121 9 16 96 22 102 127 15 77 61 36 84 41 89 64 48 114 2 27 107 104 24 1 113 51 67 90 42 87 39 62 78 12 124 101 21 
0 113 107 26 95 46 52 69 55 70 92 45 104 25 3 114 110 31 5 116 49 64 90 43 89 40 50 67 6 119 109 28 85 36 62 79 10 123 97 16 98 19 9 120 61 76 86 39 59 74 80 33 100 21 15 126 12 125 103 22 83 34 56 73 35 82 72 57 124 13 23 102 20 101 127 14 75 58 32 81 77 60 38 87 18 99 121 8 122 11 17 96 37 84 78 63 118 7 29 108 41 88 66 51 65 48 42 91 30 111 117 4 24 105 115 2 71 54 44 93 47 94 68 53 112 1 27 106 
0 114 109 31 83 33 62 76 47 93 66 48 124 14 17 99 94 44 51 65 13 127 96 18 113 3 28 110 34 80 79 61 53 71 88 42 102 20 11 121 26 104 119 5 73 59 36 86 107 25 6 116 56 74 85 39 68 54 41 91 23 101 122 8 106 24 7 117 57 75 84 38 69 55 40 90 22 100 123 9 52 70 89 43 103 21 10 120 27 105 118 4 72 58 37 87 95 45 50 64 12 126 97 19 112 2 29 111 35 81 78 60 1 115 108 30 82 32 63 77 46 92 67 49 125 15 16 98 
0 115 111 28 87 36 56 75 39 84 72 59 112 3 31 108 78 61 33 82 25 106 118 5 105 26 6 117 62 77 81 34 21 102 122 9 66 49 45 94 50 65 93 46 101 22 10 121 91 40 52 71 12 127 99 16 124 15 19 96 43 88 68 55 42 89 69 54 125 14 18 97 13 126 98 17 90 41 53 70 100 23 11 120 51 64 92 47 67 48 44 95 20 103 123 8 63 76 80 35 104 27 7 116 24 107 119 4 79 60 32 83 113 2 30 109 38 85 73 58 86 37 57 74 1 114 110 29 
0 116 97 21 75 63 42 94 31 107 126 10 84 32 53 65 62 74 95 43 117 1 20 96 33 85 64 52 106 30 11 127 124 8 29 105 55 67 86 34 99 23 2 118 40 92 73 61 66 54 35 87 9 125 104 28 93 41 60 72 22 98 119 3 113 5 16 100 58 78 91 47 110 26 15 123 37 81 68 48 79 59 46 90 4 112 101 17 80 36 49 69 27 111 122 14 13 121 108 24 70 50 39 83 18 102 115 7 89 45 56 76 51 71 82 38 120 12 25 109 44 88 77 57 103 19 6 114 
0 117 99 22 79 58 44 89 23 98 116 1 88 45 59 78 46 91 77 56 97 20 2 119 57 76 90 47 118 3 21 96 92 41 63 74 19 102 112 5 75 62 40 93 4 113 103 18 114 7 17 100 61 72 94 43 101 16 6 115 42 95 73 60 49 68 82 39 126 11 29 104 38 83 69 48 105 28 10 127 31 106 124 9 80 37 51 70 8 125 107 30 71 50 36 81 109 24 14 123 34 87 65 52 122 15 25 108 53 64 86 35 67 54 32 85 12 121 111 26 84 33 55 66 27 110 120 13 
0 118 101 19 67 53 38 80 15 121 106 28 76 58 41 95 30 104 123 13 93 43 56 78 17 103 116 2 82 36 55 65 60 74 89 47 127 9 26 108 51 69 86 32 112 6 21 99 34 84 71 49 97 23 4 114 45 91 72 62 110 24 11 125 120 14 29 107 59 77 94 40 119 1 18 100 52 66 81 39 102 16 3 117 37 83 64 54 105 31 12 122 42 92 79 57 68 50 33 87 7 113 98 20 75 61 46 88 8 126 109 27 90 44 63 73 25 111 124 10 85 35 48 70 22 96 115 5 
0 119 103 16 71 48 32 87 7 112 96 23 64 55 39 80 14 121 105 30 73 62 46 89 9 126 110 25 78 57 41 94 28 107 123 12 91 44 60 75 27 108 124 11 92 43 59 76 18 101 117 2 85 34 50 69 21 98 114 5 82 37 53 66 56 79 95 40 127 8 24 111 63 72 88 47 120 15 31 104 54 65 81 38 113 6 22 97 49 70 86 33 118 1 17 102 36 83 67 52 99 20 4 115 35 84 68 51 100 19 3 116 42 93 77 58 109 26 10 125 45 90 74 61 106 29 13 122 
0 120 121 1 123 3 2 122 127 7 6 126 4 124 125 5 119 15 14 118 12 116 117 13 8 112 113 9 115 11 10 114 103 31 30 102 28 100 101 29 24 96 97 25 99 27 26 98 16 104 105 17 107 19 18 106 111 23 22 110 20 108 109 21 71 63 62 70 60 68 69 61 56 64 65 57 67 59 58 66 48 72 73 49 75 51 50 74 79 55 54 78 52 76 77 53 32 88 89 33 91 35 34 90 95 39 38 94 36 92 93 37 87 47 46 86 44 84 85 45 40 80 81 41 83 43 42 82 
0 121 123 2 127 6 4 125 119 14 12 117 8 113 115 10 103 30 28 101 24 97 99 26 16 105 107 18 111 22 20 109 71 62 60 69 56 65 67 58 48 73 75 50 79 54 52 77 32 89 91 34 95 38 36 93 87 46 44 85 40 81 83 42 7 126 124 5 120 1 3 122 112 9 11 114 15 118 116 13 96 25 27 98 31 102 100 29 23 110 108 21 104 17 19 106 64 57 59 66 63 70 68 61 55 78 76 53 72 49 51 74 39 94 92 37 88 33 35 90 80 41 43 82 47 86 84 45 
0 122 125 7 115 9 14 116 111 21 18 104 28 102 97 27 87 45 42 80 36 94 89 35 56 66 69 63 75 49 54 76 39 93 90 32 84 46 41 83 72 50 53 79 59 65 70 60 112 10 13 119 3 121 126 4 31 101 98 24 108 22 17 107 78 52 51 73 61 71 64 58 33 91 92 38 82 40 47 85 25 99 100 30 106 16 23 109 118 12 11 113 5 127 120 2 105 19 20 110 26 96 103 29 6 124 123 1 117 15 8 114 62 68 67 57 77 55 48 74 81 43 44 86 34 88 95 37 
0 123 127 4 119 12 8 115 103 28 24 99 16 107 111 20 71 60 56 67 48 75 79 52 32 91 95 36 87 44 40 83 7 124 120 3 112 11 15 116 96 27 31 100 23 108 104 19 64 59 63 68 55 76 72 51 39 92 88 35 80 43 47 84 14 117 113 10 121 2 6 125 105 18 22 109 30 101 97 26 73 50 54 77 62 69 65 58 46 85 81 42 89 34 38 93 9 114 118 13 126 5 1 122 110 21 17 106 25 98 102 29 78 53 49 74 57 66 70 61 41 82 86 45 94 37 33 90 
0 124 113 13 107 23 26 102 95 35 46 82 52 72 69 57 55 75 70 58 92 32 45 81 104 20 25 101 3 127 114 14 110 18 31 99 5 121 116 8 49 77 64 60 90 38 43 87 89 37 40 84 50 78 67 63 6 122 119 11 109 17 28 96 85 41 36 88 62 66 79 51 10 118 123 7 97 29 16 108 98 30 19 111 9 117 120 4 61 65 76 48 86 42 39 91 59 71 74 54 80 44 33 93 100 24 21 105 15 115 126 2 12 112 125 1 103 27 22 106 83 47 34 94 56 68 73 53 
0 125 115 14 111 18 28 97 87 42 36 89 56 69 75 54 39 90 84 41 72 53 59 70 112 13 3 126 31 98 108 17 78 51 61 64 33 92 82 47 25 100 106 23 118 11 5 120 105 20 26 103 6 123 117 8 62 67 77 48 81 44 34 95 21 104 102 27 122 7 9 116 66 63 49 76 45 80 94 35 50 79 65 60 93 32 46 83 101 24 22 107 10 119 121 4 91 38 40 85 52 73 71 58 12 113 127 2 99 30 16 109 124 1 15 114 19 110 96 29 43 86 88 37 68 57 55 74 
0 126 117 11 99 29 22 104 79 49 58 68 44 82 89 39 23 105 98 28 116 10 1 127 88 38 45 83 59 69 78 48 46 80 91 37 77 51 56 70 97 31 20 106 2 124 119 9 57 71 76 50 90 36 47 81 118 8 3 125 21 107 96 30 92 34 41 87 63 65 74 52 19 109 102 24 112 14 5 123 75 53 62 64 40 86 93 35 4 122 113 15 103 25 18 108 114 12 7 121 17 111 100 26 61 67 72 54 94 32 43 85 101 27 16 110 6 120 115 13 42 84 95 33 73 55 60 66 
0 127 119 8 103 24 16 111 71 56 48 79 32 95 87 40 7 120 112 15 96 31 23 104 64 63 55 72 39 88 80 47 14 113 121 6 105 22 30 97 73 54 62 65 46 81 89 38 9 118 126 1 110 17 25 102 78 49 57 70 41 86 94 33 28 99 107 20 123 4 12 115 91 36 44 83 60 67 75 52 27 100 108 19 124 3 11 116 92 35 43 84 59 68 76 51 18 109 101 26 117 10 2 125 85 42 34 93 50 77 69 58 21 106 98 29 114 13 5 122 82 45 37 90 53 74 66 61 
Inverse Table:
1 68 120 34 40 60 94 17 77 20 117 30 86 47 24 76 8 98 64 10 116 126 50 15 46 43 59 83 84 12 87 38 74 4 41 49 66 32 75 5 35 58 26 63 110 25 14 67 36 23 127 81 71 89 90 109 105 42 27 6 95 111 44 19 99 37 48 2 121 80 53 92 118 33 39 16 9 97 100 70 52 85 28 29 82 13 31 91 54 55 88 72 119 7 61 101 78 18 65 79 96 123 106 108 57 103 122 104 56 45 62 114 125 112 124 21 11 73 93 3 69 107 102 115 113 22 51 
