240   120   
3   6   
3 3 3 3 3 3 3 3 3 3 3 3 3 3 3 3 3 3 3 3 3 3 3 3 3 3 3 3 3 3 3 3 3 3 3 3 3 3 3 3 3 3 3 3 3 3 3 3 3 3 3 3 3 3 3 3 3 3 3 3 3 3 3 3 3 3 3 3 3 3 3 3 3 3 3 3 3 3 3 3 3 3 3 3 3 3 3 3 3 3 3 3 3 3 3 3 3 3 3 3 3 3 3 3 3 3 3 3 3 3 3 3 3 3 3 3 3 3 3 3 3 3 3 3 3 3 3 3 3 3 3 3 3 3 3 3 3 3 3 3 3 3 3 3 3 3 3 3 3 3 3 3 3 3 3 3 3 3 3 3 3 3 3 3 3 3 3 3 3 3 3 3 3 3 3 3 3 3 3 3 3 3 3 3 3 3 3 3 3 3 3 3 3 3 3 3 3 3 3 3 3 3 3 3 3 3 3 3 3 3 3 3 3 3 3 3 3 3 3 3 3 3 3 3 3 3 3 3 3 3 3 3 3 3 3 3 3 3 3 3 
6 6 6 6 6 6 6 6 6 6 6 6 6 6 6 6 6 6 6 6 6 6 6 6 6 6 6 6 6 6 6 6 6 6 6 6 6 6 6 6 6 6 6 6 6 6 6 6 6 6 6 6 6 6 6 6 6 6 6 6 6 6 6 6 6 6 6 6 6 6 6 6 6 6 6 6 6 6 6 6 6 6 6 6 6 6 6 6 6 6 6 6 6 6 6 6 6 6 6 6 6 6 6 6 6 6 6 6 6 6 6 6 6 6 6 6 6 6 6 6 
23  28  114  
106  15  110  
112  46  8  
29  71  77  
70  107  82  
54  17  59  
2  56  38  
40  51  30  
6  68  113  
115  93  120  
50  25  94  
65  74  109  
57  1  67  
98  9  52  
18  27  64  
47  16  87  
81  96  104  
89  75  63  
117  32  116  
12  79  43  
76  88  92  
90  20  105  
53  4  100  
41  99  19  
7  3  44  
84  10  14  
62  61  55  
11  108  22  
111  34  60  
21  39  95  
91  102  13  
42  83  78  
36  26  72  
48  49  101  
86  80  73  
31  58  97  
85  5  35  
69  45  66  
119  24  103  
113  30  37  
84  27  118  
91  68  119  
96  102  59  
50  97  66  
23  33  12  
17  58  89  
3  93  48  
34  37  43  
60  62  57  
63  49  103  
70  26  81  
108  52  115  
94  69  71  
111  117  13  
41  24  65  
8  40  18  
51  38  118  
2  92  4  
106  35  72  
25  116  78  
55  16  105  
112  15  100  
21  32  61  
45  80  42  
36  29  85  
22  120  73  
10  74  46  
14  64  109  
107  76  79  
90  101  5  
83  20  88  
98  39  67  
99  82  86  
104  77  7  
53  9  87  
28  47  6  
95  44  11  
114  56  54  
89  110  1  
92  75  30  
78  66  36  
119  33  57  
21  108  54  
52  5  43  
100  75  77  
112  91  83  
115  37  70  
12  58  40  
116  28  24  
22  61  8  
113  15  19  
49  9  33  
11  50  80  
60  79  6  
107  45  35  
101  38  94  
87  67  41  
93  110  90  
16  34  27  
14  104  31  
62  59  69  
51  73  48  
105  1  109  
47  32  18  
17  99  117  
95  68  53  
97  84  63  
81  106  111  
44  56  42  
10  39  55  
72  20  64  
3  29  76  
88  96  120  
103  102  74  
7  65  2  
4  26  13  
114  71  46  
83  23  86  
6  25  118  
117  98  85  
51  33  31  
42  31  90  
105  85  104  
95  19  58  
48  2  1  
88  82  56  
61  66  65  
54  28  112  
15  52  102  
108  99  74  
37  38  47  
9  32  80  
107  111  64  
79  120  18  
3  96  72  
40  84  13  
114  81  92  
46  93  63  
21  34  97  
41  78  106  
71  49  35  
10  70  53  
19  43  4  
103  11  98  
12  101  55  
39  8  116  
118  26  45  
91  5  50  
110  16  30  
69  44  115  
87  119  25  
77  24  82  
57  14  94  
86  76  27  
23  7  68  
109  29  22  
89  62  20  
67  36  17  
75  59  73  
98  23  100  
83  60  19  
76  113  57  
72  75  95  
89  15  47  
32  96  10  
109  46  118  
82  5  63  
120  2  17  
16  106  48  
110  9  29  
64  113  85  
73  97  7  
58  27  74  
18  81  24  
68  26  52  
53  117  51  
65  25  30  
100  40  94  
1  8  107  
86  38  66  
99  112  44  
39  20  79  
36  114  37  
13  11  90  
80  28  105  
22  101  77  
70  6  59  
108  3  116  
104  45  60  
71  21  91  
119  34  92  
35  55  31  
56  41  102  
111  67  42  
50  12  115  
4  62  78  
14  43  103  
93  87  54  
33  69  84  
61  88  49  
50  41  75  
30  11  107  
105  95  66  
112  76  26  
32  43  7  
23  108  81  
61  14  115  
52  8  92  
34  17  80  
62  117  93  
29  51  102  
65  40  20  
48  83  70  
88  16  68  
57  53  114  
59  27  90  
86  96  87  
37  39  73  
10  5  111  
47  13  82  
35  99  6  
72  46  33  
103  120  118  
106  28  94  
18  54  31  
116  113  63  
38  110  91  
97  101  64  
44  9  79  
25  85  56  
74  77  78  
4  49  67  
55  15  2  
19  22  119  
3  12  45  
84  60  36  
89  21  104  
42  109  100  
98  71  58  
1  69  24  
240  179  125  103  79  13  
233  168  125  115  58  7  
235  188  135  112  47  25  
232  196  143  116  58  23  
219  167  148  84  70  37  
221  187  119  94  76  9  
205  172  155  115  74  25  
208  179  146  90  56  3  
229  170  132  92  75  14  
219  165  142  110  67  26  
202  184  144  93  77  28  
235  195  145  88  45  20  
220  184  136  116  54  31  
207  197  153  100  68  26  
233  164  129  91  62  2  
214  169  149  99  61  16  
209  168  158  105  46  6  
225  174  134  104  56  15  
234  161  143  124  91  24  
212  182  157  111  71  22  
237  190  139  83  63  30  
234  186  156  90  66  28  
206  160  155  118  45  1  
240  174  152  89  55  39  
230  177  151  119  60  11  
204  175  147  116  51  33  
216  173  154  99  41  15  
224  185  128  89  76  1  
211  170  156  112  65  4  
202  177  149  80  40  8  
225  192  122  121  100  36  
205  165  132  104  63  19  
222  199  121  92  82  45  
209  191  139  99  48  29  
221  192  141  95  59  37  
236  183  158  81  65  33  
218  183  131  87  48  40  
227  180  131  96  57  7  
218  182  146  110  72  30  
212  178  136  88  56  8  
201  193  140  97  55  24  
238  194  122  109  64  32  
205  197  143  84  48  20  
229  181  150  109  77  25  
235  189  147  95  64  38  
222  166  138  117  67  3  
220  164  131  104  76  16  
213  169  125  102  47  34  
232  200  141  92  50  34  
201  195  148  93  44  11  
211  176  121  102  57  8  
208  175  129  84  52  14  
215  176  142  106  75  23  
225  198  128  83  78  6  
233  192  145  110  61  27  
230  193  126  109  78  7  
215  162  153  82  49  13  
239  173  124  88  46  36  
216  187  159  101  43  6  
236  189  161  94  49  29  
207  200  127  90  63  27  
210  196  157  101  49  27  
226  167  138  107  50  18  
228  171  133  111  68  15  
212  177  127  115  55  12  
203  180  127  81  44  38  
232  194  158  97  72  13  
214  175  155  106  42  9  
240  199  150  101  53  38  
213  187  142  87  51  5  
239  190  141  117  53  4  
222  163  135  111  59  33  
218  172  159  102  66  35  
231  173  130  114  67  12  
201  163  159  85  80  18  
204  162  154  112  69  21  
231  186  152  85  74  4  
231  196  140  81  60  32  
229  182  134  94  69  20  
209  185  132  93  64  35  
206  174  137  108  51  17  
220  167  152  126  73  5  
213  161  118  86  71  32  
236  199  136  107  41  26  
230  171  123  120  65  37  
217  180  154  118  73  35  
217  198  151  97  75  16  
214  200  126  113  71  21  
237  164  157  79  46  18  
216  184  122  98  70  22  
227  190  148  86  42  31  
208  191  137  80  58  21  
210  198  138  98  47  10  
224  178  153  96  53  11  
203  163  124  106  77  30  
217  165  135  113  43  17  
228  172  139  107  44  36  
239  160  144  120  72  14  
221  181  130  105  73  24  
238  178  160  85  62  23  
228  186  145  96  70  34  
211  193  129  114  43  31  
223  197  144  114  50  39  
237  189  123  100  74  17  
203  185  123  103  61  22  
224  169  140  108  59  2  
202  179  133  95  69  5  
206  188  130  83  52  28  
238  166  156  103  68  12  
227  170  149  98  79  2  
219  194  133  108  54  29  
204  181  128  86  62  3  
226  171  162  91  40  9  
215  183  137  117  78  1  
207  195  150  87  52  10  
226  188  146  89  60  19  
210  176  120  105  54  19  
223  166  147  119  57  41  
234  191  151  82  42  39  
223  168  134  113  66  10  
