240   120   
2   4   
2 2 2 2 2 2 2 2 2 2 2 2 2 2 2 2 2 2 2 2 2 2 2 2 2 2 2 2 2 2 2 2 2 2 2 2 2 2 2 2 2 2 2 2 2 2 2 2 2 2 2 2 2 2 2 2 2 2 2 2 2 2 2 2 2 2 2 2 2 2 2 2 2 2 2 2 2 2 2 2 2 2 2 2 2 2 2 2 2 2 2 2 2 2 2 2 2 2 2 2 2 2 2 2 2 2 2 2 2 2 2 2 2 2 2 2 2 2 2 2 2 2 2 2 2 2 2 2 2 2 2 2 2 2 2 2 2 2 2 2 2 2 2 2 2 2 2 2 2 2 2 2 2 2 2 2 2 2 2 2 2 2 2 2 2 2 2 2 2 2 2 2 2 2 2 2 2 2 2 2 2 2 2 2 2 2 2 2 2 2 2 2 2 2 2 2 2 2 2 2 2 2 2 2 2 2 2 2 2 2 2 2 2 2 2 2 2 2 2 2 2 2 2 2 2 2 2 2 2 2 2 2 2 2 2 2 2 2 2 2 
4 4 4 4 4 4 4 4 4 4 4 4 4 4 4 4 4 4 4 4 4 4 4 4 4 4 4 4 4 4 4 4 4 4 4 4 4 4 4 4 4 4 4 4 4 4 4 4 4 4 4 4 4 4 4 4 4 4 4 4 4 4 4 4 4 4 4 4 4 4 4 4 4 4 4 4 4 4 4 4 4 4 4 4 4 4 4 4 4 4 4 4 4 4 4 4 4 4 4 4 4 4 4 4 4 4 4 4 4 4 4 4 4 4 4 4 4 4 4 4 
76  46  
90  87  
100  5  
101  21  
38  88  
37  40  
117  28  
69  66  
33  26  
79  59  
92  84  
99  45  
115  91  
64  58  
112  57  
49  80  
6  83  
7  44  
114  25  
24  11  
108  32  
12  63  
54  109  
9  70  
118  1  
30  56  
105  34  
104  67  
75  31  
93  65  
97  120  
20  15  
13  81  
29  41  
36  68  
50  62  
103  14  
16  78  
48  51  
19  89  
94  119  
71  4  
98  107  
82  95  
47  111  
43  42  
23  77  
27  22  
85  72  
3  18  
86  61  
102  55  
17  113  
8  35  
39  106  
73  2  
91  116  
35  96  
1  53  
118  74  
22  60  
75  110  
112  10  
38  27  
62  80  
116  40  
14  33  
84  76  
36  5  
47  52  
37  94  
93  51  
46  23  
44  29  
67  15  
114  43  
25  4  
11  55  
61  21  
111  65  
8  88  
59  57  
86  34  
13  6  
30  120  
79  104  
107  39  
117  78  
98  108  
87  60  
19  50  
54  28  
49  52  
42  26  
56  72  
71  109  
10  53  
17  3  
81  20  
100  96  
12  102  
18  7  
31  92  
32  101  
77  103  
82  9  
69  119  
106  115  
66  85  
97  73  
74  64  
89  113  
58  48  
41  105  
83  63  
24  95  
110  2  
90  99  
45  16  
68  70  
28  15  
106  47  
105  112  
59  75  
84  70  
37  96  
97  49  
44  38  
5  109  
58  110  
77  6  
116  9  
118  50  
45  19  
114  27  
117  95  
24  64  
72  79  
34  74  
41  52  
31  85  
10  54  
81  62  
55  92  
2  23  
18  67  
107  25  
8  98  
17  1  
89  26  
82  73  
86  99  
40  16  
113  30  
90  36  
13  11  
20  100  
76  78  
22  101  
7  65  
120  68  
108  3  
46  60  
94  104  
71  21  
32  91  
29  119  
35  53  
42  102  
39  57  
111  66  
12  115  
80  51  
4  63  
43  103  
56  14  
93  87  
69  83  
48  33  
61  88  
41  75  
107  50  
30  11  
95  66  
26  105  
112  76  
43  7  
81  32  
23  108  
14  115  
92  61  
52  8  
17  80  
93  34  
62  117  
51  102  
20  29  
65  40  
83  70  
68  48  
88  16  
53  114  
90  57  
59  27  
96  87  
73  86  
37  39  
5  111  
82  10  
47  13  
99  6  
33  35  
72  46  
120  118  
94  103  
106  28  
54  31  
63  18  
116  113  
110  91  
64  38  
97  101  
9  79  
56  44  
25  85  
77  78  
67  74  
4  49  
15  2  
119  55  
19  22  
12  45  
36  3  
84  60  
21  104  
100  89  
42  109  
71  58  
24  98  
1  69  
240  149  59  25  
229  145  117  56  
233  162  98  50  
228  174  77  42  
208  129  69  3  
211  131  84  17  
187  160  102  18  
192  148  81  54  
223  132  106  24  
209  142  97  63  
183  156  78  20  
232  172  101  22  
210  156  84  33  
190  176  67  37  
229  121  75  32  
201  153  119  38  
193  149  98  53  
218  146  102  50  
231  134  91  40  
197  157  99  32  
235  165  79  4  
231  159  61  48  
189  145  73  47  
239  137  116  20  
225  147  77  19  
185  150  94  9  
204  135  64  48  
216  121  92  7  
197  167  74  34  
183  154  85  26  
217  141  103  29  
188  166  104  21  
212  179  67  9  
194  139  83  27  
212  168  58  54  
233  155  69  35  
207  126  71  6  
221  128  64  5  
207  170  87  55  
198  153  66  6  
181  140  114  34  
237  169  94  46  
187  175  76  46  
224  128  74  18  
232  134  119  12  
213  163  73  1  
210  122  70  45  
200  179  113  39  
228  127  93  16  
182  133  91  36  
196  173  72  39  
192  140  93  70  
202  168  97  59  
217  142  92  23  
230  144  78  52  
224  176  95  26  
203  170  82  15  
238  130  113  14  
204  124  82  10  
234  163  90  61  
191  180  79  51  
195  143  65  36  
218  174  115  22  
221  137  111  14  
198  160  80  30  
184  171  109  8  
227  146  75  28  
200  161  120  35  
240  178  107  8  
199  125  120  24  
238  165  96  42  
213  138  95  49  
206  151  110  56  
227  139  111  60  
181  124  62  29  
186  158  68  1  
226  131  105  47  
226  158  88  38  
223  138  86  10  
193  173  65  16  
188  143  99  33  
209  151  106  44  
199  178  115  17  
234  125  68  11  
225  141  109  49  
206  152  83  51  
205  177  90  2  
201  180  81  5  
236  150  112  40  
203  155  118  2  
220  166  57  13  
191  144  103  11  
194  177  72  30  
215  164  71  41  
184  136  116  44  
205  126  100  58  
222  127  110  31  
239  148  89  43  
211  152  118  12  
236  157  100  3  
222  159  104  4  
196  169  101  52  
215  175  105  37  
235  164  86  28  
185  123  114  27  
216  122  108  55  
182  147  87  43  
189  162  89  21  
237  129  96  23  
220  130  117  62  
208  171  80  45  
186  123  63  15  
219  154  112  53  
202  135  76  19  
190  172  108  13  
219  132  66  57  
195  136  88  7  
214  133  60  25  
230  167  107  41  
214  161  85  31  
