24   12   
4   8   
4 4 4 4 4 4 4 4 4 4 4 4 4 4 4 4 4 4 4 4 4 4 4 4 
8 8 8 8 8 8 8 8 8 8 8 8 
12  7  1  3  
2  10  4  6  
9  11  8  5  
6  4  8  7  
2  11  3  12  
5  9  1  10  
6  10  2  8  
5  1  4  3  
1  12  9  11  
10  7  9  8  
7  4  5  2  
5  3  12  11  
11  6  1  7  
3  2  12  10  
8  4  9  6  
11  5  4  12  
2  7  8  9  
6  3  10  1  
5  10  8  12  
1  2  6  4  
11  9  7  3  
10  9  2  4  
7  6  5  12  
1  8  3  11  
24  20  18  13  9  8  6  1  
22  20  17  14  11  7  5  2  
24  21  18  14  12  8  5  1  
22  20  16  15  11  8  4  2  
23  19  16  12  11  8  6  3  
23  20  18  15  13  7  4  2  
23  21  17  13  11  10  4  1  
24  19  17  15  10  7  4  3  
22  21  17  15  10  9  6  3  
22  19  18  14  10  7  6  2  
24  21  16  13  12  9  5  3  
23  19  16  14  12  9  5  1  
