160   120   
12   16   
12 12 12 12 12 12 12 12 12 12 12 12 12 12 12 12 12 12 12 12 12 12 12 12 12 12 12 12 12 12 12 12 12 12 12 12 12 12 12 12 12 12 12 12 12 12 12 12 12 12 12 12 12 12 12 12 12 12 12 12 12 12 12 12 12 12 12 12 12 12 12 12 12 12 12 12 12 12 12 12 12 12 12 12 12 12 12 12 12 12 12 12 12 12 12 12 12 12 12 12 12 12 12 12 12 12 12 12 12 12 12 12 12 12 12 12 12 12 12 12 12 12 12 12 12 12 12 12 12 12 12 12 12 12 12 12 12 12 12 12 12 12 12 12 12 12 12 12 12 12 12 12 12 12 12 12 12 12 12 12 
16 16 16 16 16 16 16 16 16 16 16 16 16 16 16 16 16 16 16 16 16 16 16 16 16 16 16 16 16 16 16 16 16 16 16 16 16 16 16 16 16 16 16 16 16 16 16 16 16 16 16 16 16 16 16 16 16 16 16 16 16 16 16 16 16 16 16 16 16 16 16 16 16 16 16 16 16 16 16 16 16 16 16 16 16 16 16 16 16 16 16 16 16 16 16 16 16 16 16 16 16 16 16 16 16 16 16 16 16 16 16 16 16 16 16 16 16 16 16 16 
109  87  49  99  70  96  28  117  8  94  14  107  
39  22  120  25  62  80  58  50  95  44  66  89  
118  77  52  5  31  113  85  24  7  82  114  91  
59  32  35  81  110  101  27  116  43  21  86  3  
75  51  104  105  23  2  12  6  29  34  57  93  
37  76  98  48  106  92  55  45  53  78  46  83  
90  79  54  56  112  73  47  108  84  17  60  15  
61  26  63  69  100  67  11  103  74  16  64  115  
10  41  71  36  102  65  38  119  111  19  40  88  
2  97  4  36  50  74  66  72  68  30  13  42  
92  27  95  1  71  79  6  48  119  70  13  112  
41  57  33  18  19  55  14  100  72  87  16  62  
93  43  120  9  26  37  4  107  78  38  25  17  
98  44  54  20  75  33  56  63  91  88  85  53  
34  3  23  69  106  21  101  45  113  47  42  77  
31  39  67  114  73  89  40  82  94  110  108  96  
99  115  11  20  59  104  22  117  65  29  7  28  
118  8  86  1  111  49  90  24  15  52  80  64  
30  103  68  12  97  9  35  46  76  61  51  18  
87  84  109  116  1  74  4  111  86  102  60  81  
99  81  83  58  77  79  89  33  114  59  65  102  
35  20  84  5  23  49  30  17  66  2  85  117  
109  107  119  10  32  63  9  56  21  44  112  28  
67  69  91  98  106  58  61  90  93  7  8  95  
31  22  88  105  96  16  118  57  110  71  29  45  
83  60  39  82  18  32  104  62  120  27  14  70  
116  53  5  11  78  94  10  19  26  12  43  64  
68  41  113  36  55  46  54  51  73  108  42  52  
75  103  15  101  13  47  34  38  100  105  37  25  
52  76  3  97  61  80  50  115  72  24  48  40  
68  110  95  64  86  59  60  54  78  96  84  22  
36  17  5  6  43  104  91  13  63  14  115  32  
65  41  67  16  62  81  55  119  6  56  2  79  
99  1  102  4  72  112  51  71  90  100  109  94  
21  30  45  20  66  42  29  8  10  88  101  83  
25  23  106  47  49  82  116  28  107  46  114  80  
118  40  27  74  31  34  53  98  35  108  50  87  
85  111  57  105  11  97  120  75  73  70  69  26  
19  48  89  92  24  76  15  58  93  44  7  38  
47  3  113  9  11  106  110  37  92  77  12  33  
19  61  103  39  18  49  9  42  119  114  36  12  
85  104  55  97  22  77  1  29  6  46  18  8  
3  50  44  68  99  71  56  72  57  93  74  84  
107  92  91  117  76  80  23  87  5  81  102  39  
28  101  88  86  38  60  63  37  40  14  33  21  
25  62  48  41  27  58  82  111  78  116  26  59  
96  52  75  79  53  34  115  118  83  65  30  16  
66  90  120  112  113  13  20  67  94  105  10  103  
64  35  108  70  109  17  4  24  98  31  69  43  
18  36  51  95  85  77  84  91  99  89  15  7  
39  108  41  40  88  59  93  119  92  21  79  12  
87  25  55  100  117  14  1  5  70  98  15  10  
48  120  47  54  97  96  81  100  30  115  22  110  
6  9  58  90  32  74  64  50  112  82  38  61  
109  63  34  60  8  80  28  17  13  29  67  117  
24  37  62  2  104  27  31  89  101  23  20  57  
69  19  66  56  43  73  11  107  33  95  111  71  
86  51  94  32  68  7  42  26  114  102  116  72  
35  73  105  45  54  113  46  65  2  118  103  52  
117  18  46  76  53  42  66  88  75  49  44  4  
9  59  34  10  106  45  79  36  110  55  53  19  
77  11  98  3  16  73  38  102  51  72  8  57  
16  12  35  82  78  75  61  115  68  86  47  90  
111  25  76  83  54  32  71  65  69  50  5  92  
67  24  52  22  45  6  63  48  13  40  99  23  
103  26  14  109  31  62  89  95  41  58  120  97  
100  3  94  39  4  27  49  21  106  56  28  84  
80  2  87  113  30  81  93  15  78  44  70  104  
85  119  118  101  1  96  17  43  33  20  116  83  
51  71  37  7  112  54  115  105  74  64  107  60  
111  38  12  29  44  106  86  80  73  63  17  41  
16  19  21  67  36  112  42  47  101  8  100  40  
75  5  65  81  114  102  48  118  68  39  49  107  
87  31  50  35  7  74  1  94  83  23  18  9  
96  29  59  2  108  99  82  3  85  66  109  105  
69  10  116  76  104  6  62  79  88  92  33  108  
93  84  110  27  32  56  53  98  60  64  89  30  
45  25  57  28  91  114  22  46  37  11  26  4  
70  78  91  103  95  34  97  43  119  90  24  20  
85  23  26  120  32  38  76  114  13  72  15  77  
40  60  48  113  14  33  11  111  97  35  1  90  
95  44  10  52  58  39  12  101  87  102  74  66  
72  34  16  24  55  61  43  30  81  14  50  51  
2  70  49  98  105  117  9  115  13  57  5  19  
46  45  110  86  29  22  15  80  109  65  4  69  
94  79  61  104  107  116  21  68  108  62  106  47  
112  82  20  27  6  64  83  28  63  52  113  77  
73  17  120  88  42  18  55  84  118  91  75  71  
3  99  8  31  78  119  53  25  37  93  41  59  
78  53  60  100  54  7  61  77  105  106  115  69  
19  28  38  50  117  58  41  47  14  64  30  118  
52  31  5  21  29  103  85  51  27  9  72  79  
104  101  90  45  96  56  93  111  100  112  114  113  
68  73  12  23  67  89  58  108  62  15  76  98  
1  39  91  43  36  54  16  71  86  49  81  109  
96  33  66  22  42  102  117  32  3  95  20  7  
120  2  74  63  57  92  10  35  83  103  67  46  
87  65  24  110  119  44  40  70  59  94  26  89  
32  21  99  116  82  56  75  36  34  92  97  25  
81  44  107  18  37  48  17  96  116  16  74  43  
76  29  1  23  35  79  55  88  112  41  114  19  
105  53  65  25  8  84  92  47  59  58  56  103  
78  50  15  34  104  120  115  113  52  89  71  98  
109  118  70  66  4  80  13  106  46  37  36  3  
42  95  39  38  2  6  55  64  75  99  48  45  
85  61  68  69  31  17  28  11  9  100  27  13  
30  88  67  72  102  108  111  63  6  119  54  117  
12  14  11  4  86  18  84  22  49  10  83  90  
80  110  57  60  8  107  5  26  62  77  51  82  
48  67  95  94  93  87  101  34  4  5  49  33  
44  104  83  11  91  40  7  35  46  102  21  47  
41  119  14  91  77  90  94  73  55  2  31  27  
51  76  82  74  110  115  70  100  59  17  113  101  
3  88  7  6  63  80  85  24  10  25  19  81  
15  79  72  65  116  68  66  92  58  26  45  39  
105  114  33  71  38  36  61  20  109  56  108  78  
87  16  60  42  118  20  43  97  23  32  18  75  
106  50  12  97  57  98  96  93  103  24  53  1  
73  40  112  52  84  9  28  54  30  62  107  13  
20  119  79  83  8  64  120  37  69  52  59  117  
36  92  76  90  67  42  40  99  86  98  85  103  
82  91  80  48  49  50  23  84  72  33  86  100  
78  106  63  39  81  30  29  89  69  101  4  117  
112  61  62  120  116  70  44  111  22  60  45  1  
15  41  114  37  28  21  110  43  13  6  12  55  
47  107  31  115  16  2  102  56  7  14  65  58  
66  24  35  9  97  8  27  111  17  94  89  75  
108  22  77  54  34  26  99  57  87  51  68  38  
11  19  71  46  32  25  88  113  96  64  74  95  
114  25  92  93  104  3  18  118  10  22  73  29  
27  7  94  89  45  4  38  76  5  108  16  120  
111  59  93  56  54  119  103  81  42  105  80  11  
68  43  82  75  77  40  2  106  18  109  8  88  
15  64  29  32  118  49  47  24  26  53  73  95  
117  10  6  84  57  61  113  1  67  66  78  37  
35  48  52  13  34  85  30  116  98  110  83  36  
105  102  90  28  44  23  5  97  100  63  51  46  
112  79  91  3  87  115  33  53  17  58  21  12  
70  39  55  9  101  69  65  99  50  14  71  107  
81  53  9  41  19  96  72  109  31  20  74  86  
52  41  88  74  47  99  38  62  60  104  106  66  
114  19  78  23  64  111  6  107  40  98  45  87  
71  80  26  67  119  96  115  27  28  18  116  55  
58  92  84  70  11  56  29  97  37  94  34  75  
90  25  17  1  7  103  110  22  13  50  2  20  
15  16  93  39  113  33  44  8  76  109  85  73  
108  4  120  68  10  60  24  105  91  51  21  101  
36  57  30  118  31  82  62  14  79  100  46  59  
5  63  77  48  12  117  112  72  32  69  42  104  
61  89  49  35  65  83  95  86  54  3  43  102  
112  76  26  105  95  66  30  11  107  50  41  75  
52  8  92  61  14  115  23  108  81  32  43  7  
65  40  20  29  51  102  62  117  93  34  17  80  
59  27  90  57  53  114  88  16  68  48  83  70  
47  13  82  10  5  111  37  39  73  86  96  87  
106  28  94  103  120  118  72  46  33  35  99  6  
97  101  64  38  110  91  116  113  63  18  54  31  
4  49  67  74  77  78  25  85  56  44  9  79  
84  60  36  3  12  45  19  22  119  55  15  2  
1  69  24  98  71  58  42  109  100  89  21  104  
160  145  135  124  118  101  95  81  74  69  52  42  34  20  18  11  
159  145  133  126  112  105  97  84  75  68  59  56  33  22  10  5  
159  150  138  130  114  104  96  89  75  67  62  43  40  30  15  4  
158  147  131  123  110  108  104  85  78  67  60  49  34  20  13  10  
155  149  137  131  110  109  92  84  73  64  52  44  32  27  22  3  
156  142  135  125  114  107  105  87  76  65  54  42  33  32  11  5  
152  145  131  126  114  111  96  90  74  70  58  50  39  24  17  3  
152  146  133  127  120  109  102  89  72  62  55  42  35  24  18  1  
158  140  139  127  119  106  92  84  74  61  54  41  40  23  19  13  
155  147  135  130  114  108  97  82  76  61  52  48  35  27  23  9  
151  144  132  129  111  108  106  81  78  62  57  40  38  27  17  8  
159  149  138  125  118  108  94  82  71  63  51  41  40  27  19  5  
155  145  136  125  119  106  104  84  80  65  55  48  32  29  11  10  
152  148  139  126  112  108  91  83  81  66  52  45  32  26  12  1  
159  146  134  125  115  103  94  85  80  68  52  50  39  29  18  7  
154  146  131  126  117  100  95  83  72  63  62  47  33  25  12  8  
153  145  138  127  113  106  100  88  71  69  55  49  32  22  13  7  
157  143  133  130  117  108  100  88  74  60  50  42  41  26  19  12  
159  142  140  129  114  101  91  84  72  61  57  41  39  27  12  9  
153  145  140  120  117  116  96  87  79  69  56  48  35  22  17  14  
160  147  138  125  111  99  92  86  72  67  51  45  35  23  15  4  
159  145  130  128  124  108  96  85  78  65  53  42  31  25  17  2  
152  142  137  122  117  101  94  80  74  65  56  44  36  22  15  5  
160  147  134  127  118  114  98  83  79  65  56  49  39  30  18  3  
158  145  130  129  114  102  99  89  78  64  52  46  36  29  13  2  
151  143  134  128  115  109  98  80  78  66  58  46  38  27  13  8  
154  143  131  127  112  106  92  87  77  67  56  46  37  26  11  4  
156  143  137  125  119  106  91  87  78  67  55  45  36  23  17  1  
153  144  134  130  123  101  92  85  75  71  55  42  35  25  17  5  
151  148  136  123  119  107  91  83  77  68  53  47  35  22  19  10  
157  148  140  126  112  106  92  89  74  66  56  49  37  25  16  3  
152  149  134  129  117  99  96  80  77  64  58  54  32  26  23  4  
156  146  138  122  116  110  96  81  76  69  57  45  40  21  14  12  
153  144  136  128  110  103  99  83  79  61  55  47  37  29  15  5  
156  150  136  127  111  101  97  81  74  63  59  49  37  22  19  4  
159  148  136  121  116  104  99  95  72  61  50  41  32  28  10  9  
155  144  135  125  120  104  100  89  78  70  56  45  40  29  13  6  
157  141  131  128  116  105  91  80  71  62  54  45  39  29  13  9  
155  146  139  123  115  105  95  82  73  67  51  44  41  26  16  2  
153  142  133  121  119  111  98  81  72  65  51  45  37  30  16  9  
151  141  140  125  112  101  91  89  71  66  51  46  33  28  12  9  
160  149  132  121  117  105  96  88  72  60  58  41  35  28  15  10  
152  150  133  125  117  100  95  83  79  69  57  49  32  27  13  4  
158  146  137  124  111  100  98  82  71  68  60  43  39  23  14  2  
159  142  131  124  115  105  93  85  78  65  61  59  35  25  15  6  
156  148  137  129  111  104  97  85  78  60  59  42  36  28  19  6  
155  141  134  126  111  102  91  86  72  63  53  40  36  29  15  7  
154  149  136  122  110  105  100  81  73  65  53  46  39  30  11  6  
158  150  134  122  110  108  95  84  73  67  60  41  36  22  18  1  
151  145  139  122  118  103  91  83  74  64  54  43  37  30  10  2  
153  147  137  128  113  109  92  83  70  62  58  50  34  28  19  5  
152  141  136  120  119  103  92  87  82  65  59  47  30  28  18  3  
154  140  138  134  118  102  90  89  77  61  60  47  37  27  14  6  
157  150  132  128  119  107  95  90  70  64  59  53  31  28  14  7  
159  143  139  125  112  105  101  88  83  61  52  42  33  28  12  6  
158  144  132  126  116  102  99  93  77  67  57  43  33  23  14  7  
154  148  135  128  118  109  97  84  78  62  56  43  38  25  12  5  
160  144  138  126  115  102  94  91  82  66  54  46  39  24  21  2  
154  148  132  120  113  102  98  89  75  61  51  46  31  21  17  4  
159  147  141  124  117  109  90  81  77  70  55  45  31  26  20  7  
152  150  135  124  116  106  90  86  83  63  54  41  30  24  19  8  
153  148  141  124  119  109  94  86  76  66  56  46  33  26  12  2  
157  149  137  123  114  107  97  87  71  65  55  45  32  23  14  8  
157  142  134  129  120  105  91  87  77  70  54  49  31  27  18  8  
153  150  139  126  115  102  98  85  73  64  59  47  33  21  17  9  
151  141  135  127  115  104  96  82  75  60  57  48  35  22  10  2  
158  143  135  121  110  107  97  94  72  65  55  48  33  24  16  8  
154  147  133  128  115  106  94  86  73  63  58  43  31  28  19  10  
160  149  139  123  120  106  90  85  76  64  57  49  38  24  15  8  
154  144  139  124  113  104  98  84  79  68  52  49  38  26  11  1  
160  143  139  129  116  103  95  88  70  64  57  43  34  25  11  9  
156  149  140  122  115  107  92  83  80  62  58  43  34  30  12  10  
155  146  134  130  119  112  94  88  71  62  59  57  38  28  16  7  
158  141  140  129  113  100  97  82  74  70  54  43  37  20  10  8  
151  144  133  127  117  105  99  88  73  63  60  47  38  29  14  5  
151  146  131  121  113  101  94  80  76  64  60  44  39  30  19  6  
158  149  133  128  112  109  90  87  80  62  50  42  40  21  15  3  
158  142  135  123  116  103  90  89  79  68  63  46  31  27  13  6  
158  148  138  120  115  101  92  86  76  61  51  47  33  21  11  7  
153  143  132  122  114  109  104  85  71  68  55  44  36  30  18  2  
152  140  132  123  114  100  95  83  73  68  53  44  33  21  20  4  
155  148  133  122  113  109  99  87  75  63  54  46  36  26  16  3  
154  150  136  120  111  108  97  87  74  69  64  47  35  26  21  6  
159  144  135  122  119  108  102  88  77  67  50  43  31  22  20  7  
158  146  136  121  114  106  92  80  75  69  50  42  38  22  14  3  
155  150  140  122  121  108  95  85  71  63  58  45  31  20  18  4  
155  142  138  128  117  110  98  82  74  68  52  44  37  20  12  1  
154  141  133  129  114  107  101  88  76  60  51  45  35  25  14  9  
160  150  131  127  123  103  98  94  77  66  56  50  39  21  16  2  
154  145  137  121  112  108  93  81  79  63  54  48  34  24  18  7  
157  147  138  122  112  111  95  88  79  78  50  44  32  24  14  3  
152  144  130  121  115  102  99  97  76  64  51  44  40  39  11  6  
153  146  132  130  118  110  93  89  77  68  51  43  39  24  13  5  
156  144  131  127  112  110  98  86  74  67  58  48  34  27  16  1  
151  150  134  129  110  105  96  82  79  66  57  50  31  24  11  2  
155  143  140  129  118  100  96  93  75  69  53  47  31  25  16  1  
157  144  137  127  118  117  99  81  79  66  53  42  38  30  19  10  
160  142  136  121  118  103  94  84  77  62  52  49  37  24  14  6  
156  141  139  128  121  105  99  89  75  65  50  43  34  21  17  1  
160  148  137  122  113  106  93  90  72  67  53  52  34  29  12  8  
157  147  139  123  113  110  93  82  72  69  56  45  35  29  15  4  
153  150  137  126  111  107  96  82  73  62  58  44  34  21  20  9  
156  145  132  121  118  102  97  92  79  66  59  48  41  29  19  8  
160  149  141  130  111  103  93  86  76  68  56  42  32  26  17  5  
151  147  137  132  116  102  90  84  75  70  59  48  38  29  25  5  
156  141  133  123  118  104  90  86  71  67  61  40  36  24  15  6  
151  142  139  126  119  109  100  86  73  70  57  44  36  23  13  1  
152  147  131  128  116  107  94  86  76  75  51  49  37  28  16  7  
160  146  140  133  116  104  95  85  75  66  55  49  34  23  20  1  
157  145  136  125  113  109  98  85  77  61  53  40  31  25  16  4  
155  142  132  127  124  107  93  81  71  64  57  46  38  20  18  9  
151  149  138  124  119  101  93  87  72  70  54  48  34  23  11  7  
157  146  135  129  113  103  93  87  81  68  59  48  40  28  15  3  
154  142  130  125  116  101  93  80  78  73  58  41  36  21  16  3  
152  143  138  126  113  103  90  84  70  63  53  47  32  30  17  8  
157  143  136  124  115  100  99  86  76  69  58  46  36  27  20  4  
153  149  135  123  120  107  96  91  84  60  55  52  44  22  17  1  
156  148  134  130  117  104  91  88  73  69  59  47  37  25  18  3  
159  143  132  120  112  107  98  89  79  69  51  41  33  23  11  9  
156  147  131  124  120  103  97  88  80  66  53  48  38  26  13  2  
