16   12   
6   8   
6 6 6 6 6 6 6 6 6 6 6 6 6 6 6 6 
8 8 8 8 8 8 8 8 8 8 8 8 
8  3  10  4  11  2  
6  5  7  12  9  1  
11  7  3  2  10  6  
1  12  4  5  8  9  
1  6  2  11  8  9  
12  7  4  3  5  10  
4  1  10  9  8  5  
12  6  2  7  3  11  
3  12  11  6  4  2  
12  1  7  10  9  5  
10  8  3  11  5  4  
2  7  1  6  9  8  
7  4  5  12  8  9  
11  10  6  3  1  2  
5  12  10  9  2  4  
1  8  3  11  7  6  
16  14  12  10  7  5  4  2  
15  14  12  9  8  5  3  1  
16  14  11  9  8  6  3  1  
15  13  11  9  7  6  4  1  
15  13  11  10  7  6  4  2  
16  14  12  9  8  5  3  2  
16  13  12  10  8  6  3  2  
16  13  12  11  7  5  4  1  
15  13  12  10  7  5  4  2  
15  14  11  10  7  6  3  1  
16  14  11  9  8  5  3  1  
15  13  10  9  8  6  4  2  
