160   120   
3   4   
3 3 3 3 3 3 3 3 3 3 3 3 3 3 3 3 3 3 3 3 3 3 3 3 3 3 3 3 3 3 3 3 3 3 3 3 3 3 3 3 3 3 3 3 3 3 3 3 3 3 3 3 3 3 3 3 3 3 3 3 3 3 3 3 3 3 3 3 3 3 3 3 3 3 3 3 3 3 3 3 3 3 3 3 3 3 3 3 3 3 3 3 3 3 3 3 3 3 3 3 3 3 3 3 3 3 3 3 3 3 3 3 3 3 3 3 3 3 3 3 3 3 3 3 3 3 3 3 3 3 3 3 3 3 3 3 3 3 3 3 3 3 3 3 3 3 3 3 3 3 3 3 3 3 3 3 3 3 3 3 
4 4 4 4 4 4 4 4 4 4 4 4 4 4 4 4 4 4 4 4 4 4 4 4 4 4 4 4 4 4 4 4 4 4 4 4 4 4 4 4 4 4 4 4 4 4 4 4 4 4 4 4 4 4 4 4 4 4 4 4 4 4 4 4 4 4 4 4 4 4 4 4 4 4 4 4 4 4 4 4 4 4 4 4 4 4 4 4 4 4 4 4 4 4 4 4 4 4 4 4 4 4 4 4 4 4 4 4 4 4 4 4 4 4 4 4 4 4 4 4 
79  28  37  
66  108  67  
50  87  116  
52  40  78  
24  57  91  
80  90  45  
92  75  100  
58  12  112  
21  54  115  
113  15  6  
22  89  33  
38  101  43  
60  41  9  
119  5  11  
27  8  49  
107  35  94  
70  34  61  
110  93  83  
36  77  30  
14  104  16  
62  59  69  
51  73  48  
105  1  109  
47  32  18  
17  99  117  
95  68  53  
97  84  63  
81  106  111  
44  56  42  
10  39  55  
72  20  64  
3  29  76  
88  96  120  
103  102  74  
7  65  2  
4  26  13  
114  71  46  
83  23  86  
6  25  118  
117  98  85  
51  33  31  
42  31  90  
105  85  104  
95  19  58  
48  2  1  
88  82  56  
61  66  65  
54  28  112  
15  52  102  
108  99  74  
37  38  47  
9  32  80  
107  111  64  
79  120  18  
3  96  72  
40  84  13  
114  81  92  
46  93  63  
21  34  97  
41  78  106  
71  49  35  
10  70  53  
19  43  4  
103  11  98  
12  101  55  
39  8  116  
118  26  45  
91  5  50  
110  16  30  
69  44  115  
87  119  25  
77  24  82  
57  14  94  
86  76  27  
23  7  68  
109  29  22  
89  62  20  
67  36  17  
75  59  73  
98  23  100  
83  60  19  
76  113  57  
72  75  95  
89  15  47  
32  96  10  
109  46  118  
82  5  63  
120  2  17  
16  106  48  
110  9  29  
64  113  85  
73  97  7  
58  27  74  
18  81  24  
68  26  52  
53  117  51  
65  25  30  
100  40  94  
1  8  107  
86  38  66  
99  112  44  
39  20  79  
36  114  37  
13  11  90  
80  28  105  
22  101  77  
70  6  59  
108  3  116  
104  45  60  
71  21  91  
119  34  92  
35  55  31  
56  41  102  
111  67  42  
50  12  115  
4  62  78  
14  43  103  
93  87  54  
33  69  84  
61  88  49  
50  41  75  
30  11  107  
105  95  66  
112  76  26  
32  43  7  
23  108  81  
61  14  115  
52  8  92  
34  17  80  
62  117  93  
29  51  102  
65  40  20  
48  83  70  
88  16  68  
57  53  114  
59  27  90  
86  96  87  
37  39  73  
10  5  111  
47  13  82  
35  99  6  
72  46  33  
103  120  118  
106  28  94  
18  54  31  
116  113  63  
38  110  91  
97  101  64  
44  9  79  
25  85  56  
74  77  78  
4  49  67  
55  15  2  
19  22  119  
3  12  45  
84  60  36  
89  21  104  
42  109  100  
98  71  58  
1  69  24  
160  99  45  23  
153  88  45  35  
155  108  55  32  
152  116  63  36  
139  87  68  14  
141  107  39  10  
125  92  75  35  
128  99  66  15  
149  90  52  13  
139  85  62  30  
122  104  64  14  
155  115  65  8  
140  104  56  36  
127  117  73  20  
153  84  49  10  
134  89  69  20  
129  88  78  25  
145  94  54  24  
154  81  63  44  
132  102  77  31  
157  110  59  9  
154  106  76  11  
126  80  75  38  
160  94  72  5  
150  97  71  39  
124  95  67  36  
136  93  74  15  
144  105  48  1  
131  90  76  32  
122  97  69  19  
145  112  42  41  
125  85  52  24  
142  119  41  11  
129  111  59  17  
141  112  61  16  
156  103  78  19  
138  103  51  1  
147  100  51  12  
138  102  66  30  
132  98  56  4  
121  113  60  13  
158  114  42  29  
125  117  63  12  
149  101  70  29  
155  109  67  6  
142  86  58  37  
140  84  51  24  
133  89  45  22  
152  120  61  15  
121  115  68  3  
131  96  41  22  
128  95  49  4  
135  96  62  26  
145  118  48  9  
153  112  65  30  
150  113  46  29  
135  82  73  5  
159  93  44  8  
136  107  79  21  
156  109  81  13  
127  120  47  17  
130  116  77  21  
146  87  58  27  
148  91  53  31  
132  97  47  35  
123  100  47  2  
152  114  78  2  
134  95  75  26  
160  119  70  21  
133  107  62  17  
159  110  61  37  
142  83  55  31  
138  92  79  22  
151  93  50  34  
121  83  79  7  
124  82  74  32  
151  106  72  19  
151  116  60  4  
149  102  54  1  
129  105  52  6  
126  94  57  28  
140  87  72  46  
133  81  38  18  
156  119  56  27  
150  91  43  40  
137  100  74  38  
137  118  71  3  
134  120  46  33  
157  84  77  11  
136  104  42  6  
147  110  68  5  
128  111  57  7  
130  118  58  18  
144  98  73  16  
123  83  44  26  
137  85  55  33  
148  92  59  27  
159  80  64  40  
141  101  50  25  
158  98  80  7  
148  106  65  12  
131  113  49  34  
143  117  64  34  
157  109  43  20  
123  105  43  23  
144  89  60  28  
122  99  53  16  
126  108  50  2  
158  86  76  23  
147  90  69  18  
139  114  53  28  
124  101  48  8  
146  91  82  10  
135  103  57  37  
127  115  70  9  
146  108  66  3  
130  96  40  25  
143  86  67  39  
154  111  71  14  
143  88  54  33  
