160   120   
6   8   
6 6 6 6 6 6 6 6 6 6 6 6 6 6 6 6 6 6 6 6 6 6 6 6 6 6 6 6 6 6 6 6 6 6 6 6 6 6 6 6 6 6 6 6 6 6 6 6 6 6 6 6 6 6 6 6 6 6 6 6 6 6 6 6 6 6 6 6 6 6 6 6 6 6 6 6 6 6 6 6 6 6 6 6 6 6 6 6 6 6 6 6 6 6 6 6 6 6 6 6 6 6 6 6 6 6 6 6 6 6 6 6 6 6 6 6 6 6 6 6 6 6 6 6 6 6 6 6 6 6 6 6 6 6 6 6 6 6 6 6 6 6 6 6 6 6 6 6 6 6 6 6 6 6 6 6 6 6 6 6 
8 8 8 8 8 8 8 8 8 8 8 8 8 8 8 8 8 8 8 8 8 8 8 8 8 8 8 8 8 8 8 8 8 8 8 8 8 8 8 8 8 8 8 8 8 8 8 8 8 8 8 8 8 8 8 8 8 8 8 8 8 8 8 8 8 8 8 8 8 8 8 8 8 8 8 8 8 8 8 8 8 8 8 8 8 8 8 8 8 8 8 8 8 8 8 8 8 8 8 8 8 8 8 8 8 8 8 8 8 8 8 8 8 8 8 8 8 8 8 8 
71  81  62  111  22  10  
16  21  105  9  107  78  
6  19  85  12  17  32  
106  90  39  2  72  60  
88  96  112  38  41  29  
102  97  108  100  69  92  
99  43  1  40  52  31  
42  24  83  23  53  51  
20  84  49  46  87  59  
44  5  116  8  74  7  
70  3  61  4  34  26  
109  11  18  15  73  110  
64  104  48  50  45  115  
98  86  117  27  76  103  
56  113  80  101  67  35  
66  28  57  77  30  63  
94  82  75  114  65  33  
118  89  25  54  95  119  
37  93  47  58  79  14  
51  86  8  120  68  36  
61  118  20  31  91  13  
60  58  30  43  114  55  
6  119  71  11  91  90  
84  108  34  38  50  76  
5  67  70  17  25  59  
48  18  39  111  53  26  
98  82  96  100  105  36  
104  103  37  99  63  83  
107  69  14  85  110  113  
66  62  7  52  27  49  
12  68  89  35  81  112  
4  54  87  42  55  56  
116  41  2  92  13  3  
45  97  28  79  24  16  
19  9  29  74  94  72  
21  77  120  1  65  47  
101  15  33  57  44  78  
93  22  88  64  10  102  
73  23  75  40  46  80  
35  109  95  117  106  115  
44  106  91  27  14  32  
117  22  104  96  120  24  
4  33  36  28  93  39  
57  49  56  103  71  29  
110  67  76  21  116  72  
109  118  68  99  78  102  
8  90  54  13  16  75  
12  69  114  40  37  34  
46  42  98  107  65  111  
64  2  58  62  70  105  
26  9  32  97  31  47  
80  86  50  52  5  100  
119  81  66  113  82  59  
73  74  63  20  60  1  
51  11  85  89  43  84  
10  7  48  41  79  19  
77  101  53  94  6  3  
45  61  17  108  18  55  
87  15  25  30  83  112  
56  53  72  28  88  92  
25  38  6  102  4  8  
16  40  84  77  82  86  
45  95  62  67  37  57  
44  23  118  22  92  48  
99  115  66  36  116  101  
60  85  96  75  97  76  
50  68  18  33  32  69  
46  43  2  88  34  9  
112  115  59  65  58  13  
106  100  15  74  64  47  
30  110  70  78  108  54  
27  5  19  71  105  104  
14  80  42  120  7  31  
90  111  29  61  1  89  
109  94  12  91  24  113  
26  49  23  63  107  17  
119  35  41  114  51  87  
11  38  117  10  39  20  
93  52  3  103  73  81  
69  55  52  21  79  83  
92  24  82  107  64  95  
67  58  33  90  109  81  
86  45  30  32  53  13  
55  113  48  3  117  89  
54  50  83  46  85  120  
84  80  47  6  66  118  
62  68  26  101  65  104  
12  9  22  59  110  63  
42  116  27  20  17  96  
7  2  94  56  51  16  
29  115  28  37  60  119  
112  78  91  79  36  111  
40  14  100  19  38  95  
11  35  77  44  70  31  
73  41  98  34  25  106  
98  49  72  108  114  15  
74  61  39  43  76  102  
18  97  71  23  8  21  
105  75  87  88  103  1  
26  10  57  55  120  99  
29  12  77  93  106  5  
73  14  89  2  101  10  
92  46  37  32  4  117  
82  25  68  115  43  71  
39  83  59  116  34  1  
49  35  36  97  53  40  
30  33  104  51  76  3  
6  111  93  24  15  56  
5  75  45  63  78  119  
118  112  86  42  114  9  
23  47  91  50  103  62  
58  52  72  38  22  54  
21  48  13  11  81  96  
20  16  98  95  85  18  
4  80  109  64  69  27  
65  100  113  61  7  84  
74  110  79  105  99  17  
70  60  41  57  8  94  
66  108  31  19  88  90  
3  87  67  44  28  102  
101  17  102  112  48  46  
70  63  96  80  79  72  
109  20  107  52  36  108  
58  117  7  75  9  53  
92  110  16  42  10  119  
73  97  29  13  66  120  
24  81  74  40  54  27  
55  95  77  59  8  50  
106  37  26  56  1  11  
83  32  28  38  5  89  
39  22  85  100  78  62  
12  14  105  23  116  33  
21  99  91  84  19  98  
107  2  114  68  6  67  
69  25  90  103  45  65  
34  49  30  115  31  94  
111  76  44  64  41  113  
4  60  82  51  15  118  
93  87  57  18  43  104  
61  88  47  35  71  86  
30  11  107  50  41  75  
112  76  26  105  95  66  
23  108  81  32  43  7  
52  8  92  61  14  115  
62  117  93  34  17  80  
65  40  20  29  51  102  
88  16  68  48  83  70  
59  27  90  57  53  114  
37  39  73  86  96  87  
47  13  82  10  5  111  
72  46  33  35  99  6  
106  28  94  103  120  118  
116  113  63  18  54  31  
97  101  64  38  110  91  
25  85  56  44  9  79  
4  49  67  74  77  78  
19  22  119  55  15  2  
84  60  36  3  12  45  
42  109  100  89  21  104  
1  69  24  98  71  58  
160  129  105  99  74  54  36  7  
157  134  102  90  68  50  33  4  
158  120  107  84  79  57  33  11  
156  138  115  103  61  43  32  11  
150  130  109  101  72  52  25  10  
151  134  108  86  61  57  23  3  
143  124  116  90  73  56  30  10  
144  128  118  98  61  47  20  10  
155  124  110  88  68  51  35  2  
150  125  102  100  78  56  38  1  
141  129  113  94  78  55  23  12  
158  132  101  88  75  48  31  3  
150  126  113  83  69  47  33  21  
144  132  102  93  73  41  29  19  
157  138  108  96  70  59  37  12  
147  125  114  90  62  47  34  2  
145  121  117  89  76  58  25  3  
153  139  114  98  67  58  26  12  
157  133  119  93  72  56  35  3  
146  123  114  89  78  54  21  9  
159  133  113  98  80  45  36  2  
157  131  112  88  64  42  38  1  
143  132  111  98  76  64  39  8  
160  127  108  81  75  42  34  8  
155  135  104  95  61  59  25  18  
142  129  100  87  76  51  26  11  
148  127  115  89  72  41  30  14  
152  130  120  91  60  43  34  16  
146  126  101  91  74  44  35  5  
141  136  107  83  71  59  22  16  
153  136  119  94  73  51  21  7  
143  130  103  83  67  51  41  3  
151  132  107  82  67  43  37  17  
145  136  105  95  68  48  24  11  
151  140  106  94  77  40  31  15  
158  123  106  92  65  43  27  20  
149  129  103  91  63  48  28  19  
154  130  112  93  78  61  24  5  
149  131  105  97  78  43  26  4  
146  127  106  93  62  48  39  7  
141  137  118  95  77  56  33  5  
159  125  110  89  73  49  32  8  
143  139  104  97  68  55  22  7  
155  137  120  94  64  41  37  10  
158  135  109  83  63  58  34  13  
151  121  103  85  68  49  39  9  
150  140  111  86  70  51  36  19  
147  121  113  84  64  56  26  13  
156  136  106  96  76  44  30  9  
141  128  111  85  67  52  24  13  
146  138  107  90  77  55  20  8  
144  123  112  80  79  52  30  7  
148  124  106  83  60  57  26  8  
153  127  112  85  71  47  32  18  
157  128  100  84  80  58  32  22  
155  129  108  90  60  44  32  15  
148  139  118  100  63  44  37  16  
160  124  112  82  69  50  22  19  
148  128  105  88  69  53  25  9  
158  138  118  91  66  54  22  4  
144  140  116  97  74  58  21  11  
145  131  111  87  63  50  30  1  
153  122  109  88  76  54  28  16  
154  137  115  81  70  50  38  13  
146  135  116  87  69  49  36  17  
142  126  119  86  65  53  30  16  
156  134  120  82  63  45  25  15  
147  134  104  87  67  46  31  20  
160  135  115  80  67  48  29  6  
147  122  118  94  71  50  25  11  
160  140  104  98  72  44  23  1  
151  122  112  96  60  45  35  4  
149  126  102  95  79  54  39  12  
156  127  117  97  70  54  35  10  
141  124  109  99  66  47  39  17  
142  137  107  97  66  45  24  14  
156  128  101  94  62  57  36  16  
156  131  109  92  71  46  37  2  
155  122  117  92  80  56  34  19  
145  122  115  86  73  52  39  15  
143  127  113  82  79  53  31  1  
150  138  104  81  62  53  27  17  
147  130  105  85  80  59  28  8  
158  133  116  86  62  55  24  9  
155  131  114  85  66  55  29  3  
149  140  110  83  62  52  20  14  
149  139  120  99  77  59  32  9  
147  140  119  99  68  60  38  5  
159  130  102  84  74  55  31  18  
148  135  119  82  74  47  23  4  
154  133  111  92  75  41  23  21  
144  125  103  81  64  60  33  6  
145  139  108  101  79  43  38  19  
152  136  118  90  75  57  35  17  
142  128  114  93  81  63  40  18  
149  122  113  89  66  42  27  5  
154  126  106  98  66  51  34  6  
160  133  114  96  95  49  27  14  
151  133  117  100  65  46  28  7  
159  131  116  93  70  52  27  6  
154  121  102  87  65  57  37  15  
146  121  120  97  61  46  38  6  
152  135  111  99  79  44  28  14  
159  139  107  87  72  42  28  13  
142  132  117  99  72  50  27  2  
152  129  101  95  70  41  40  4  
141  134  123  81  76  49  29  2  
143  123  119  96  71  58  24  6  
159  123  115  82  75  46  40  12  
154  125  117  88  71  45  29  12  
150  137  108  92  74  49  26  1  
142  121  110  92  69  59  31  5  
153  137  116  84  75  53  29  15  
148  134  110  96  77  48  22  17  
144  136  104  91  69  65  40  13  
153  132  105  89  65  45  33  10  
145  124  103  84  78  42  40  14  
152  138  110  86  64  46  21  18  
157  125  109  91  77  53  23  18  
152  126  100  85  73  42  36  20  
