24   12   
5   10   
5 5 5 5 5 5 5 5 5 5 5 5 5 5 5 5 5 5 5 5 5 5 5 5 
10 10 10 10 10 10 10 10 10 10 10 10 
2  12  4  11  5  
9  7  1  10  8  
11  5  1  6  3  
2  4  8  12  10  
11  9  7  6  3  
12  9  1  4  2  
6  3  10  5  8  
9  11  8  4  7  
2  3  12  5  7  
7  6  8  1  10  
3  2  4  9  1  
11  5  12  10  6  
4  10  2  8  7  
12  3  6  1  5  
12  2  8  9  11  
9  11  10  6  3  
12  7  5  4  1  
10  3  11  6  4  
2  8  1  7  9  
4  12  8  9  5  
3  5  2  6  1  
2  4  11  10  7  
6  5  12  10  9  
1  8  3  11  7  
24  21  19  17  14  11  10  6  3  2  
22  21  19  15  13  11  9  6  4  1  
24  21  18  16  14  11  9  7  5  3  
22  20  18  17  13  11  8  6  4  1  
23  21  20  17  14  12  9  7  3  1  
23  21  18  16  14  12  10  7  5  3  
24  22  19  17  13  10  9  8  5  2  
24  20  19  15  13  10  8  7  4  2  
23  20  19  16  15  11  8  6  5  2  
23  22  18  16  13  12  10  7  4  2  
24  22  18  16  15  12  8  5  3  1  
23  20  17  15  14  12  9  6  4  1  
