24   12   
3   6   
3 3 3 3 3 3 3 3 3 3 3 3 3 3 3 3 3 3 3 3 3 3 3 3 
6 6 6 6 6 6 6 6 6 6 6 6 
6  5  9  
12  8  7  
11  2  1  
3  10  4  
4  6  2  
10  8  1  
11  3  12  
8  5  7  
11  10  4  
1  12  9  
9  3  6  
3  7  2  
11  5  12  
10  9  7  
1  4  5  
2  6  8  
12  4  7  
6  10  1  
3  5  2  
11  9  8  
9  2  4  
5  12  10  
11  7  6  
1  8  3  
24  18  15  10  6  3  
21  19  16  12  5  3  
24  19  12  11  7  4  
21  17  15  9  5  4  
22  19  15  13  8  1  
23  18  16  11  5  1  
23  17  14  12  8  2  
24  20  16  8  6  2  
21  20  14  11  10  1  
22  18  14  9  6  4  
23  20  13  9  7  3  
22  17  13  10  7  2  
