160   120   
9   12   
9 9 9 9 9 9 9 9 9 9 9 9 9 9 9 9 9 9 9 9 9 9 9 9 9 9 9 9 9 9 9 9 9 9 9 9 9 9 9 9 9 9 9 9 9 9 9 9 9 9 9 9 9 9 9 9 9 9 9 9 9 9 9 9 9 9 9 9 9 9 9 9 9 9 9 9 9 9 9 9 9 9 9 9 9 9 9 9 9 9 9 9 9 9 9 9 9 9 9 9 9 9 9 9 9 9 9 9 9 9 9 9 9 9 9 9 9 9 9 9 9 9 9 9 9 9 9 9 9 9 9 9 9 9 9 9 9 9 9 9 9 9 9 9 9 9 9 9 9 9 9 9 9 9 9 9 9 9 9 9 
12 12 12 12 12 12 12 12 12 12 12 12 12 12 12 12 12 12 12 12 12 12 12 12 12 12 12 12 12 12 12 12 12 12 12 12 12 12 12 12 12 12 12 12 12 12 12 12 12 12 12 12 12 12 12 12 12 12 12 12 12 12 12 12 12 12 12 12 12 12 12 12 12 12 12 12 12 12 12 12 12 12 12 12 12 12 12 12 12 12 12 12 12 12 12 12 12 12 12 12 12 12 12 12 12 12 12 12 12 12 12 12 12 12 12 12 12 12 12 12 
11  115  71  81  86  62  67  2  46  
97  82  83  51  49  35  38  10  16  
34  59  107  50  74  116  31  58  32  
120  73  77  57  20  33  63  56  45  
100  93  39  85  15  72  52  37  119  
103  102  90  9  29  65  87  113  13  
6  25  118  42  60  68  48  66  79  
17  14  76  24  47  96  21  108  18  
8  43  104  41  105  22  36  23  84  
75  40  109  101  99  27  54  5  12  
7  55  106  64  3  26  98  95  88  
43  117  78  1  111  91  53  19  4  
102  108  21  80  94  101  25  54  11  
98  19  77  18  61  112  113  95  104  
17  48  27  97  69  65  62  55  109  
81  49  52  86  114  22  60  112  16  
24  46  83  93  89  69  10  118  13  
23  29  64  80  30  44  34  96  105  
33  40  14  89  30  37  99  111  74  
26  114  87  72  70  28  68  15  47  
51  76  28  91  6  58  67  12  44  
107  39  119  20  110  63  1  116  103  
57  82  45  79  115  92  9  32  70  
100  84  90  38  120  53  92  42  2  
8  75  3  59  7  117  61  88  31  
72  17  4  5  78  41  110  56  94  
100  87  53  50  36  23  88  54  14  
1  113  28  32  85  34  49  79  69  
93  58  31  43  73  35  62  68  38  
42  20  46  104  66  26  111  21  92  
66  33  77  63  115  106  35  8  56  
30  51  61  57  12  15  60  116  96  
110  50  13  80  9  105  27  6  84  
102  4  75  86  89  71  25  45  18  
91  83  90  7  95  10  39  71  108  
16  47  37  48  103  85  82  5  74  
64  109  59  99  119  120  114  98  94  
73  11  40  52  67  55  22  107  76  
21  29  24  112  117  81  90  69  101  
57  43  100  70  2  99  33  113  62  
37  46  52  106  19  78  30  31  116  
13  61  96  25  65  3  54  120  64  
71  6  117  83  36  41  26  15  73  
82  63  107  80  40  35  51  55  8  
29  66  2  60  78  97  95  79  3  
98  5  47  45  91  86  32  109  94  
97  67  74  104  53  65  9  112  106  
4  92  105  108  10  118  1  59  56  
19  72  16  118  7  50  38  11  27  
34  102  28  115  58  49  24  18  48  
12  68  14  77  87  110  88  111  75  
21  63  95  119  23  41  93  28  53  
30  1  99  70  39  17  101  36  91  
112  67  27  116  6  85  94  110  33  
107  54  24  49  43  44  19  108  97  
75  47  38  18  104  22  44  58  60  
118  9  55  12  62  66  79  37  36  
65  2  82  31  76  89  114  50  8  
109  111  14  35  51  105  103  85  114  
77  113  92  119  70  5  42  84  52  
80  100  68  45  106  74  73  4  25  
69  41  72  89  44  103  81  61  115  
88  120  86  78  34  48  13  83  39  
46  56  81  16  102  98  26  23  59  
106  22  76  57  117  42  10  40  96  
31  75  29  32  17  87  15  45  118  
28  82  69  43  56  90  20  77  52  
18  68  79  113  105  20  93  2  50  
48  95  61  5  35  67  64  94  9  
107  98  117  116  114  84  7  51  17  
99  100  110  92  44  66  112  83  102  
8  63  58  36  108  13  11  15  81  
76  87  47  64  90  25  21  71  78  
7  1  57  86  62  46  119  60  14  
80  24  16  120  22  33  111  3  101  
11  34  96  101  72  27  42  12  29  
59  93  30  71  104  10  55  84  19  
20  85  49  3  103  91  23  38  70  
16  42  35  40  41  54  32  110  97  
28  117  63  55  109  73  65  53  44  
91  112  17  60  100  54  115  37  119  
7  27  40  22  92  13  39  21  103  
101  47  69  61  73  102  88  84  29  
113  49  78  57  80  71  31  26  14  
38  32  12  86  70  93  6  74  108  
115  74  120  10  64  98  20  15  89  
1  52  53  56  72  48  3  107  105  
8  97  26  19  50  89  25  39  68  
118  58  111  90  65  77  67  30  46  
88  85  96  94  33  104  62  95  4  
45  37  83  18  43  9  109  114  34  
24  66  82  59  87  4  23  11  6  
82  93  36  75  116  51  81  5  106  
34  38  31  67  69  51  16  79  4  
112  78  70  118  45  53  110  22  41  
68  63  86  92  3  43  29  98  76  
26  117  85  12  90  5  54  99  2  
62  71  81  50  77  48  105  101  15  
89  18  6  56  73  7  49  17  66  
52  108  64  60  57  39  41  65  33  
76  79  104  61  103  83  58  80  119  
28  42  21  74  107  111  19  99  88  
1  87  8  44  40  120  2  95  37  
55  11  94  20  114  97  100  14  47  
52  27  24  30  75  113  25  115  35  
43  25  120  62  72  36  102  59  91  
17  94  61  68  40  9  46  116  10  
79  90  107  70  89  13  106  109  23  
60  8  74  22  113  114  23  102  96  
112  3  108  71  97  28  5  44  46  
118  84  57  35  63  34  81  87  20  
106  32  69  96  83  30  21  2  92  
115  12  4  18  48  116  41  76  111  
10  65  56  11  50  119  45  38  24  
42  110  26  103  29  33  67  93  7  
13  101  14  31  85  98  66  53  37  
16  105  6  55  75  39  78  58  84  
100  64  72  104  117  32  77  51  49  
56  95  19  80  47  36  54  86  109  
108  91  104  1  15  82  73  27  9  
1  51  10  84  25  80  66  41  88  
115  78  40  50  3  93  114  69  99  
105  29  89  52  28  100  61  22  59  
79  62  64  73  42  2  75  14  112  
63  90  6  48  44  45  96  31  19  
5  109  76  38  8  49  27  33  118  
87  30  117  13  16  91  74  94  119  
55  57  24  37  95  32  99  116  102  
39  4  11  77  103  53  46  43  21  
36  65  35  18  15  97  92  88  23  
17  47  107  113  67  81  12  83  120  
70  34  60  7  85  71  68  82  111  
41  26  101  59  106  20  9  58  86  
75  83  110  98  57  111  23  72  54  
40  84  47  26  79  96  53  24  108  
120  9  63  7  52  112  4  99  51  
59  118  95  113  14  46  15  117  69  
38  85  43  55  48  87  80  89  42  
66  3  19  58  94  81  64  27  70  
86  25  16  2  11  104  110  28  17  
39  114  29  35  12  91  106  71  56  
21  100  78  82  18  101  10  8  67  
103  22  62  107  5  115  65  6  68  
36  32  34  119  44  98  73  33  105  
50  20  116  109  72  31  60  30  88  
93  97  54  13  45  102  1  76  77  
50  41  75  61  90  49  37  74  92  
112  76  26  105  95  66  30  11  107  
61  14  115  23  108  81  32  43  7  
62  117  93  34  17  80  52  8  92  
48  83  70  65  40  20  29  51  102  
59  27  90  57  53  114  88  16  68  
10  5  111  37  39  73  86  96  87  
72  46  33  35  99  6  47  13  82  
18  54  31  106  28  94  103  120  118  
97  101  64  38  110  91  116  113  63  
74  77  78  25  85  56  44  9  79  
19  22  119  55  15  2  4  49  67  
89  21  104  84  60  36  3  12  45  
1  69  24  98  71  58  42  109  100  
160  146  121  120  103  87  74  53  48  28  22  12  
158  140  124  112  103  97  68  58  45  40  24  1  
159  139  122  110  96  87  78  75  45  42  25  11  
158  136  129  113  94  92  90  61  48  34  26  12  
153  143  126  110  97  93  69  60  46  36  26  10  
154  143  125  117  99  92  85  54  43  33  21  7  
149  136  132  115  99  82  74  70  49  35  25  11  
150  142  126  109  103  88  72  58  44  31  25  9  
157  136  133  120  107  91  69  57  47  33  23  6  
153  142  121  114  107  86  77  65  48  35  17  2  
148  140  129  114  104  92  76  72  49  38  13  1  
159  141  131  113  97  85  76  57  51  32  21  10  
154  146  127  116  108  82  72  63  42  33  17  6  
149  137  124  116  104  84  74  59  51  27  19  8  
158  137  130  120  98  86  72  66  43  32  20  5  
152  140  127  117  94  79  75  64  49  36  16  2  
150  140  131  107  99  81  70  66  53  26  15  8  
155  142  130  113  99  91  68  56  50  34  14  8  
158  139  125  119  102  88  77  55  49  41  14  12  
151  145  133  111  104  86  78  68  67  30  22  4  
159  142  129  112  102  82  73  52  39  30  13  8  
158  143  123  109  95  82  75  65  56  38  16  9  
149  134  130  109  108  92  78  64  52  27  18  9  
160  135  128  114  105  92  75  55  50  39  17  8  
157  140  121  106  105  88  73  61  42  34  13  7  
148  135  133  115  97  88  84  64  43  30  20  11  
152  139  126  120  105  82  76  54  49  33  15  10  
155  140  123  110  102  80  67  52  50  28  21  20  
151  141  123  115  96  83  76  66  45  39  18  6  
148  145  127  112  105  89  77  53  41  32  19  18  
155  145  125  116  94  84  66  58  41  29  25  3  
149  144  128  118  112  85  79  66  46  28  23  3  
154  144  126  115  100  90  75  54  40  31  19  4  
150  144  132  111  94  91  76  63  50  28  18  3  
154  141  130  111  105  79  69  59  44  31  29  2  
159  144  130  119  106  93  72  57  53  43  27  9  
153  147  128  116  103  91  81  57  41  36  19  5  
156  138  126  114  94  85  78  56  49  29  24  2  
153  141  129  117  100  88  82  63  53  35  22  5  
151  135  122  107  103  82  79  65  44  38  19  10  
147  133  121  113  100  95  79  62  52  43  26  9  
160  138  124  115  102  79  76  65  60  30  24  7  
149  138  129  106  96  91  67  55  40  29  12  9  
157  144  125  110  103  80  71  62  56  55  21  18  
159  146  125  114  95  91  66  61  46  34  23  4  
154  137  129  110  107  89  74  64  41  30  17  1  
154  135  131  119  104  83  73  56  46  36  20  8  
151  138  125  113  98  87  69  63  50  36  15  7  
158  147  126  118  99  84  78  55  50  28  16  2  
147  145  122  114  98  88  68  58  49  33  27  3  
151  136  121  118  94  93  70  59  44  32  21  2  
150  136  123  105  100  87  67  60  41  38  16  5  
152  135  129  116  95  87  80  52  47  27  24  12  
155  146  134  119  97  81  79  55  42  27  13  10  
158  138  128  117  104  80  77  57  44  38  15  11  
157  141  119  114  99  87  67  64  48  31  26  4  
152  134  128  111  100  84  74  65  40  32  23  4  
160  139  133  117  101  89  72  56  50  29  21  3  
152  137  133  123  106  92  77  64  48  37  25  3  
159  145  132  109  100  81  74  56  45  32  16  7  
149  147  123  107  101  83  69  62  42  32  25  14  
150  143  124  106  98  90  74  57  40  29  15  1  
156  136  125  111  96  80  72  52  44  31  22  4  
156  139  124  118  100  86  73  69  42  37  18  11  
151  143  130  114  100  89  80  58  47  42  15  6  
148  139  121  116  99  92  71  57  45  31  30  7  
158  142  131  115  94  89  69  54  47  38  21  1  
152  143  132  107  96  88  68  61  51  29  20  7  
160  137  122  112  94  83  67  62  39  28  17  15  
151  139  132  108  95  85  78  60  53  40  23  20  
160  141  132  110  98  84  77  73  43  35  34  1  
154  145  134  118  106  87  76  62  49  26  20  5  
153  144  124  120  99  83  80  61  43  38  29  4  
157  147  127  109  102  86  85  61  47  36  19  3  
147  134  124  117  105  93  66  56  51  34  25  10  
148  146  126  113  101  96  73  65  58  38  21  8  
157  146  129  118  98  89  67  60  51  31  14  4  
157  142  122  117  95  84  73  63  45  41  26  12  
157  135  124  108  101  94  68  57  45  28  23  7  
150  138  121  119  101  84  75  61  44  33  18  13  
149  139  131  111  98  93  72  64  62  39  16  1  
154  142  132  120  93  92  67  58  44  36  23  2  
151  134  131  112  101  91  71  63  43  35  17  2  
159  135  121  117  111  83  77  70  60  33  24  9  
157  138  132  116  97  90  78  59  54  36  28  5  
153  140  133  119  96  85  74  63  46  34  16  1  
153  138  127  111  103  92  73  66  51  27  20  6  
152  145  130  121  102  90  83  63  51  27  25  11  
159  138  123  108  99  88  86  62  58  34  19  17  
152  147  125  108  97  89  73  67  39  35  24  6  
156  141  127  120  106  81  78  53  46  35  21  12  
150  147  130  112  96  82  71  60  48  30  24  23  
150  146  122  115  93  85  77  68  52  29  17  5  
155  139  127  107  104  90  69  54  46  37  26  13  
148  137  128  119  103  90  69  52  45  35  14  11  
153  135  125  112  109  90  76  65  42  32  18  8  
156  146  130  110  104  88  79  55  47  45  15  2  
160  144  134  116  96  86  70  64  46  37  14  11  
154  136  128  122  102  97  71  53  40  37  19  10  
160  142  123  118  104  81  71  61  40  27  24  5  
156  142  133  116  98  83  76  75  53  39  13  10  
151  146  128  109  106  83  71  64  50  34  13  6  
155  143  129  115  101  82  78  62  59  36  22  6  
159  140  120  118  101  90  77  56  47  30  14  9  
148  144  123  117  98  87  68  59  48  33  18  9  
155  141  133  112  108  93  65  61  47  41  31  11  
148  143  131  108  102  87  70  55  44  38  22  3  
149  135  120  110  100  85  72  55  48  35  13  8  
160  145  126  119  108  91  80  59  46  37  15  10  
156  140  134  115  95  79  71  54  51  33  26  22  
153  134  132  113  102  89  75  59  51  30  19  12  
148  136  124  110  95  81  71  54  47  39  16  14  
156  137  131  109  105  84  68  60  40  28  14  6  
152  141  122  109  104  91  70  59  58  37  20  16  
149  143  122  113  105  86  81  62  50  31  23  1  
156  145  128  113  107  93  70  54  41  32  22  3  
150  137  127  118  97  80  70  65  43  39  25  12  
155  137  126  111  95  89  66  57  49  48  17  7  
158  144  127  114  101  81  74  60  52  37  22  5  
155  136  131  106  103  86  75  63  42  37  24  4  
