240   120   
4   8   
4 4 4 4 4 4 4 4 4 4 4 4 4 4 4 4 4 4 4 4 4 4 4 4 4 4 4 4 4 4 4 4 4 4 4 4 4 4 4 4 4 4 4 4 4 4 4 4 4 4 4 4 4 4 4 4 4 4 4 4 4 4 4 4 4 4 4 4 4 4 4 4 4 4 4 4 4 4 4 4 4 4 4 4 4 4 4 4 4 4 4 4 4 4 4 4 4 4 4 4 4 4 4 4 4 4 4 4 4 4 4 4 4 4 4 4 4 4 4 4 4 4 4 4 4 4 4 4 4 4 4 4 4 4 4 4 4 4 4 4 4 4 4 4 4 4 4 4 4 4 4 4 4 4 4 4 4 4 4 4 4 4 4 4 4 4 4 4 4 4 4 4 4 4 4 4 4 4 4 4 4 4 4 4 4 4 4 4 4 4 4 4 4 4 4 4 4 4 4 4 4 4 4 4 4 4 4 4 4 4 4 4 4 4 4 4 4 4 4 4 4 4 4 4 4 4 4 4 4 4 4 4 4 4 4 4 4 4 4 4 
8 8 8 8 8 8 8 8 8 8 8 8 8 8 8 8 8 8 8 8 8 8 8 8 8 8 8 8 8 8 8 8 8 8 8 8 8 8 8 8 8 8 8 8 8 8 8 8 8 8 8 8 8 8 8 8 8 8 8 8 8 8 8 8 8 8 8 8 8 8 8 8 8 8 8 8 8 8 8 8 8 8 8 8 8 8 8 8 8 8 8 8 8 8 8 8 8 8 8 8 8 8 8 8 8 8 8 8 8 8 8 8 8 8 8 8 8 8 8 8 
49  31  103  93  
98  35  10  84  
95  18  52  96  
88  44  40  17  
26  75  27  32  
109  16  67  6  
48  47  36  9  
60  5  64  1  
24  12  80  111  
37  101  102  14  
55  100  45  39  
112  22  74  99  
65  38  94  58  
50  105  69  86  
81  78  28  56  
33  59  29  53  
70  113  106  89  
85  118  82  68  
116  90  20  61  
41  62  71  23  
54  30  43  91  
73  57  63  120  
92  3  97  21  
4  34  51  83  
8  104  79  46  
42  2  115  77  
19  11  25  13  
33  76  116  87  
81  119  52  59  
92  15  13  27  
43  110  28  44  
113  114  80  37  
83  108  102  71  
42  7  108  64  
94  117  110  101  
69  53  15  70  
62  66  47  112  
109  26  63  8  
90  114  50  78  
54  10  17  67  
49  107  73  45  
19  51  9  7  
38  106  5  84  
31  60  23  117  
46  55  34  82  
74  58  104  61  
76  1  11  39  
120  88  4  87  
86  72  16  77  
12  3  66  56  
57  6  97  100  
85  98  29  91  
21  48  25  18  
115  119  107  72  
24  103  36  96  
65  93  99  118  
89  32  111  22  
95  40  105  14  
16  35  41  30  
97  68  20  15  
22  79  20  103  
74  2  100  27  
71  101  29  17  
108  113  33  81  
14  59  70  111  
73  55  58  8  
24  102  75  2  
7  98  105  38  
107  112  92  114  
76  72  52  51  
65  60  57  67  
35  106  23  49  
104  13  120  9  
83  40  47  3  
115  91  68  99  
69  25  116  56  
77  37  26  12  
94  34  75  66  
53  32  117  85  
41  31  90  19  
10  4  11  5  
62  78  48  82  
61  1  110  18  
80  118  79  43  
86  28  21  30  
39  63  95  93  
109  50  46  64  
89  119  44  45  
120  54  42  84  
7  36  18  37  
51  85  88  73  
102  17  96  49  
20  41  12  10  
15  116  6  98  
74  26  84  52  
71  43  114  48  
16  100  80  108  
64  4  9  28  
88  31  24  27  
32  50  68  2  
59  65  21  96  
53  30  105  55  
106  79  78  54  
67  56  63  61  
103  101  47  90  
23  36  29  57  
33  118  38  107  
1  62  58  45  
86  113  40  75  
11  83  87  117  
14  110  77  97  
19  34  44  112  
42  70  39  99  
69  35  109  5  
8  13  87  119  
82  6  25  115  
93  3  111  76  
81  22  92  91  
73  64  95  89  
44  92  50  104  
53  78  72  60  
41  6  46  66  
114  97  111  94  
54  107  2  94  
74  14  89  72  
113  61  17  103  
55  33  23  102  
106  96  119  76  
112  58  59  83  
5  40  51  49  
24  42  116  67  
11  28  98  3  
8  71  68  36  
34  81  120  1  
109  31  118  21  
100  82  38  12  
15  26  95  108  
27  37  10  56  
52  65  25  70  
29  19  105  48  
110  22  62  35  
101  66  69  91  
39  47  80  86  
9  75  77  93  
16  84  63  46  
87  45  99  60  
18  104  117  20  
4  30  7  90  
7  88  115  79  
40  57  43  13  
15  120  90  12  
45  88  95  50  
109  11  81  102  
6  96  9  68  
77  32  99  49  
54  26  44  98  
57  48  74  106  
58  17  85  13  
18  79  82  113  
37  1  20  73  
116  5  104  78  
97  119  60  61  
32  108  24  19  
103  62  105  89  
16  28  112  25  
36  80  91  59  
63  30  34  33  
8  51  2  93  
14  42  3  117  
10  114  118  83  
65  35  47  115  
4  55  111  31  
107  84  69  43  
101  21  23  85  
92  66  67  86  
41  64  53  39  
75  76  71  100  
110  46  27  52  
22  72  70  94  
87  38  56  29  
104  99  28  27  
55  68  47  78  
49  46  71  98  
100  60  37  66  
9  1  114  23  
52  105  3  79  
42  40  16  119  
118  95  117  25  
63  75  22  59  
38  51  26  70  
10  76  32  91  
53  96  110  54  
17  72  7  20  
8  108  106  41  
87  34  14  5  
86  85  90  84  
113  2  45  21  
13  30  97  24  
74  81  18  101  
6  58  19  111  
107  11  116  65  
94  109  73  82  
31  92  77  29  
35  64  36  120  
39  57  44  102  
12  115  112  67  
4  62  80  50  
56  15  43  103  
69  83  93  89  
61  88  48  33  
107  50  41  75  
95  66  30  11  
112  76  26  105  
81  32  43  7  
14  115  23  108  
52  8  92  61  
93  34  17  80  
51  102  62  117  
65  40  20  29  
68  48  83  70  
53  114  88  16  
59  27  90  57  
73  86  96  87  
5  111  37  39  
47  13  82  10  
33  35  99  6  
120  118  72  46  
106  28  94  103  
63  18  54  31  
110  91  116  113  
97  101  64  38  
56  44  9  79  
77  78  25  85  
4  49  67  74  
119  55  15  2  
12  45  19  22  
84  60  36  3  
100  89  21  104  
71  58  42  109  
1  69  24  98  
240  185  160  134  108  83  47  8  
235  197  168  124  100  67  62  26  
237  186  169  132  117  74  50  23  
234  207  172  148  98  81  48  24  
224  195  161  130  114  81  43  8  
226  200  154  122  116  94  51  6  
214  193  149  148  90  68  42  34  
216  194  168  133  115  66  38  25  
232  185  154  144  98  73  42  7  
225  191  170  138  93  81  40  2  
212  201  153  132  110  81  47  27  
236  206  151  136  93  77  50  9  
225  198  158  150  115  73  30  27  
215  195  169  125  111  65  58  10  
235  208  151  137  94  60  36  30  
221  187  165  145  97  59  49  6  
217  193  158  126  92  63  40  4  
229  199  159  147  90  83  53  3  
236  200  163  140  112  80  42  27  
219  193  160  147  93  61  60  19  
238  197  174  135  101  85  53  23  
236  189  179  141  118  61  57  12  
215  185  174  127  106  72  44  20  
240  198  163  131  99  67  55  9  
233  188  165  139  116  76  53  27  
213  190  156  137  95  77  38  5  
222  181  178  138  99  62  30  5  
228  181  165  132  98  85  31  15  
219  203  180  140  106  63  52  16  
212  198  167  148  102  85  59  21  
229  203  172  135  99  80  44  1  
214  191  163  155  100  79  57  5  
226  210  167  127  107  64  28  16  
217  195  167  134  112  78  45  24  
226  204  171  141  114  72  59  2  
237  204  166  133  106  90  55  7  
224  184  160  138  90  77  32  10  
231  190  180  136  107  68  43  13  
224  205  176  143  113  86  47  11  
219  187  150  130  109  74  58  4  
211  194  176  122  93  80  59  20  
239  187  169  131  113  89  34  26  
214  208  173  150  96  84  31  21  
232  205  156  120  112  88  31  4  
236  197  152  146  108  88  41  11  
227  183  178  145  122  87  45  25  
225  182  171  143  105  74  37  7  
220  210  157  140  96  82  53  7  
234  183  155  130  92  72  41  1  
211  207  152  120  100  87  39  14  
218  190  168  130  91  70  42  24  
216  186  178  139  95  70  29  3  
221  192  176  121  102  79  36  16  
229  192  156  124  103  89  40  21  
235  182  172  127  102  66  45  11  
232  208  180  138  104  76  50  15  
222  205  157  150  106  71  51  22  
239  200  158  129  108  66  46  13  
222  189  166  129  101  65  29  16  
237  184  162  146  121  71  44  8  
216  210  162  126  104  83  46  19  
218  207  164  141  108  82  37  20  
229  189  167  145  104  86  38  22  
231  204  176  119  98  87  34  8  
219  201  171  139  101  71  56  13  
212  184  175  142  122  78  50  37  
234  206  175  131  104  71  40  6  
220  182  154  133  100  75  60  18  
240  209  173  142  114  76  36  14  
220  190  179  139  113  65  36  17  
239  183  177  133  96  63  33  20  
227  193  179  125  121  70  54  49  
223  202  160  119  91  66  41  22  
234  199  157  125  95  62  46  12  
211  189  177  144  109  78  67  5  
213  191  177  128  117  70  47  28  
233  203  155  144  111  77  49  26  
233  182  161  121  103  82  39  15  
232  186  159  149  103  84  61  25  
217  207  166  143  97  84  32  9  
214  199  153  134  118  64  29  15  
225  202  159  136  116  82  45  18  
220  209  170  129  110  74  33  24  
237  196  173  145  95  89  43  2  
233  196  174  158  91  79  52  18  
223  196  175  143  109  85  49  14  
223  195  180  146  115  110  48  28  
221  210  152  149  99  91  48  4  
238  209  164  125  119  88  57  17  
222  196  151  148  105  80  39  19  
230  191  166  142  118  75  52  21  
216  203  175  120  118  69  30  23  
217  209  168  144  117  86  56  1  
228  202  179  124  123  78  35  13  
212  188  152  137  119  86  58  3  
223  192  154  128  101  92  55  3  
231  198  162  123  111  60  51  23  
240  183  156  132  94  68  52  2  
226  181  155  146  113  75  56  12  
238  184  177  136  97  62  51  11  
231  199  174  142  105  63  35  10  
218  205  153  127  92  67  33  10  
228  208  164  126  105  61  55  1  
238  181  161  147  120  73  46  25  
213  186  164  140  102  68  58  14  
228  194  157  128  103  72  43  17  
211  201  173  124  107  69  54  41  
215  194  163  137  97  64  34  33  
239  202  153  135  114  87  38  6  
230  192  178  141  111  83  35  31  
224  200  172  123  117  65  57  9  
213  206  165  129  112  69  37  12  
230  197  159  126  109  64  32  17  
221  185  170  123  96  69  39  32  
215  206  171  149  116  75  54  26  
230  201  161  131  94  76  28  19  
218  188  169  147  110  79  44  35  
227  188  170  135  107  84  56  18  
235  187  162  128  115  88  54  29  
227  204  151  134  89  73  48  22  
