576 288
6 7
3 3 3 3 3 3 3 3 3 3 3 3 3 3 3 3 3 3 3 3 3 3 3 3 3 3 3 3 3 3 3 3 3 3 3 3 3 3 3 3 3 3 3 3 3 3 3 3 6 6 6 6 6 6 6 6 6 6 6 6 6 6 6 6 6 6 6 6 6 6 6 6 3 3 3 3 3 3 3 3 3 3 3 3 3 3 3 3 3 3 3 3 3 3 3 3 3 3 3 3 3 3 3 3 3 3 3 3 3 3 3 3 3 3 3 3 3 3 3 3 6 6 6 6 6 6 6 6 6 6 6 6 6 6 6 6 6 6 6 6 6 6 6 6 3 3 3 3 3 3 3 3 3 3 3 3 3 3 3 3 3 3 3 3 3 3 3 3 6 6 6 6 6 6 6 6 6 6 6 6 6 6 6 6 6 6 6 6 6 6 6 6 3 3 3 3 3 3 3 3 3 3 3 3 3 3 3 3 3 3 3 3 3 3 3 3 6 6 6 6 6 6 6 6 6 6 6 6 6 6 6 6 6 6 6 6 6 6 6 6 3 3 3 3 3 3 3 3 3 3 3 3 3 3 3 3 3 3 3 3 3 3 3 3 6 6 6 6 6 6 6 6 6 6 6 6 6 6 6 6 6 6 6 6 6 6 6 6 3 3 3 3 3 3 3 3 3 3 3 3 3 3 3 3 3 3 3 3 3 3 3 3 2 2 2 2 2 2 2 2 2 2 2 2 2 2 2 2 2 2 2 2 2 2 2 2 2 2 2 2 2 2 2 2 2 2 2 2 2 2 2 2 2 2 2 2 2 2 2 2 2 2 2 2 2 2 2 2 2 2 2 2 2 2 2 2 2 2 2 2 2 2 2 2 2 2 2 2 2 2 2 2 2 2 2 2 2 2 2 2 2 2 2 2 2 2 2 2 2 2 2 2 2 2 2 2 2 2 2 2 2 2 2 2 2 2 2 2 2 2 2 2 2 2 2 2 2 2 2 2 2 2 2 2 2 2 2 2 2 2 2 2 2 2 2 2 2 2 2 2 2 2 2 2 2 2 2 2 2 2 2 2 2 2 2 2 2 2 2 2 2 2 2 2 2 2 2 2 2 2 2 2 2 2 2 2 2 2 2 2 2 2 2 2 2 2 2 2 2 2 2 2 2 2 2 2 2 2 2 2 2 2 2 2 2 2 2 2 2 2 2 2 2 2 2 2 2 2 2 2 2 2 2 2 2 2 2 2 2 2 2 2 2 2 2 2 2 2 2 2 2 2 2 2 2 2 2 2 2 2 2 2 2 2 2 2 
6 6 6 6 6 6 6 6 6 6 6 6 6 6 6 6 6 6 6 6 6 6 6 6 7 7 7 7 7 7 7 7 7 7 7 7 7 7 7 7 7 7 7 7 7 7 7 7 7 7 7 7 7 7 7 7 7 7 7 7 7 7 7 7 7 7 7 7 7 7 7 7 6 6 6 6 6 6 6 6 6 6 6 6 6 6 6 6 6 6 6 6 6 6 6 6 6 6 6 6 6 6 6 6 6 6 6 6 6 6 6 6 6 6 6 6 6 6 6 6 7 7 7 7 7 7 7 7 7 7 7 7 7 7 7 7 7 7 7 7 7 7 7 7 6 6 6 6 6 6 6 6 6 6 6 6 6 6 6 6 6 6 6 6 6 6 6 6 6 6 6 6 6 6 6 6 6 6 6 6 6 6 6 6 6 6 6 6 6 6 6 6 7 7 7 7 7 7 7 7 7 7 7 7 7 7 7 7 7 7 7 7 7 7 7 7 6 6 6 6 6 6 6 6 6 6 6 6 6 6 6 6 6 6 6 6 6 6 6 6 6 6 6 6 6 6 6 6 6 6 6 6 6 6 6 6 6 6 6 6 6 6 6 6 6 6 6 6 6 6 6 6 6 6 6 6 6 6 6 6 6 6 6 6 6 6 6 6 
82 214 279 
83 215 280 
84 216 281 
85 193 282 
86 194 283 
87 195 284 
88 196 285 
89 197 286 
90 198 287 
91 199 288 
92 200 265 
93 201 266 
94 202 267 
95 203 268 
96 204 269 
73 205 270 
74 206 271 
75 207 272 
76 208 273 
77 209 274 
78 210 275 
79 211 276 
80 212 277 
81 213 278 
2 43 191 
3 44 192 
4 45 169 
5 46 170 
6 47 171 
7 48 172 
8 25 173 
9 26 174 
10 27 175 
11 28 176 
12 29 177 
13 30 178 
14 31 179 
15 32 180 
16 33 181 
17 34 182 
18 35 183 
19 36 184 
20 37 185 
21 38 186 
22 39 187 
23 40 188 
24 41 189 
1 42 190 
7 86 112 146 175 264 
8 87 113 147 176 241 
9 88 114 148 177 242 
10 89 115 149 178 243 
11 90 116 150 179 244 
12 91 117 151 180 245 
13 92 118 152 181 246 
14 93 119 153 182 247 
15 94 120 154 183 248 
16 95 97 155 184 249 
17 96 98 156 185 250 
18 73 99 157 186 251 
19 74 100 158 187 252 
20 75 101 159 188 253 
21 76 102 160 189 254 
22 77 103 161 190 255 
23 78 104 162 191 256 
24 79 105 163 192 257 
1 80 106 164 169 258 
2 81 107 165 170 259 
3 82 108 166 171 260 
4 83 109 167 172 261 
5 84 110 168 173 262 
6 85 111 145 174 263 
67 156 249 
68 157 250 
69 158 251 
70 159 252 
71 160 253 
72 161 254 
49 162 255 
50 163 256 
51 164 257 
52 165 258 
53 166 259 
54 167 260 
55 168 261 
56 145 262 
57 146 263 
58 147 264 
59 148 241 
60 149 242 
61 150 243 
62 151 244 
63 152 245 
64 153 246 
65 154 247 
66 155 248 
68 134 197 
69 135 198 
70 136 199 
71 137 200 
72 138 201 
49 139 202 
50 140 203 
51 141 204 
52 142 205 
53 143 206 
54 144 207 
55 121 208 
56 122 209 
57 123 210 
58 124 211 
59 125 212 
60 126 213 
61 127 214 
62 128 215 
63 129 216 
64 130 193 
65 131 194 
66 132 195 
67 133 196 
44 53 135 211 218 273 
45 54 136 212 219 274 
46 55 137 213 220 275 
47 56 138 214 221 276 
48 57 139 215 222 277 
25 58 140 216 223 278 
26 59 141 193 224 279 
27 60 142 194 225 280 
28 61 143 195 226 281 
29 62 144 196 227 282 
30 63 121 197 228 283 
31 64 122 198 229 284 
32 65 123 199 230 285 
33 66 124 200 231 286 
34 67 125 201 232 287 
35 68 126 202 233 288 
36 69 127 203 234 265 
37 70 128 204 235 266 
38 71 129 205 236 267 
39 72 130 206 237 268 
40 49 131 207 238 269 
41 50 132 208 239 270 
42 51 133 209 240 271 
43 52 134 210 217 272 
30 100 169 
31 101 170 
32 102 171 
33 103 172 
34 104 173 
35 105 174 
36 106 175 
37 107 176 
38 108 177 
39 109 178 
40 110 179 
41 111 180 
42 112 181 
43 113 182 
44 114 183 
45 115 184 
46 116 185 
47 117 186 
48 118 187 
25 119 188 
26 120 189 
27 97 190 
28 98 191 
29 99 192 
47 65 125 207 227 279 
48 66 126 208 228 280 
25 67 127 209 229 281 
26 68 128 210 230 282 
27 69 129 211 231 283 
28 70 130 212 232 284 
29 71 131 213 233 285 
30 72 132 214 234 286 
31 49 133 215 235 287 
32 50 134 216 236 288 
33 51 135 193 237 265 
34 52 136 194 238 266 
35 53 137 195 239 267 
36 54 138 196 240 268 
37 55 139 197 217 269 
38 56 140 198 218 270 
39 57 141 199 219 271 
40 58 142 200 220 272 
41 59 143 201 221 273 
42 60 144 202 222 274 
43 61 121 203 223 275 
44 62 122 204 224 276 
45 63 123 205 225 277 
46 64 124 206 226 278 
12 81 256 
13 82 257 
14 83 258 
15 84 259 
16 85 260 
17 86 261 
18 87 262 
19 88 263 
20 89 264 
21 90 241 
22 91 242 
23 92 243 
24 93 244 
1 94 245 
2 95 246 
3 96 247 
4 73 248 
5 74 249 
6 75 250 
7 76 251 
8 77 252 
9 78 253 
10 79 254 
11 80 255 
5 91 111 166 182 253 
6 92 112 167 183 254 
7 93 113 168 184 255 
8 94 114 145 185 256 
9 95 115 146 186 257 
10 96 116 147 187 258 
11 73 117 148 188 259 
12 74 118 149 189 260 
13 75 119 150 190 261 
14 76 120 151 191 262 
15 77 97 152 192 263 
16 78 98 153 169 264 
17 79 99 154 170 241 
18 80 100 155 171 242 
19 81 101 156 172 243 
20 82 102 157 173 244 
21 83 103 158 174 245 
22 84 104 159 175 246 
23 85 105 160 176 247 
24 86 106 161 177 248 
1 87 107 162 178 249 
2 88 108 163 179 250 
3 89 109 164 180 251 
4 90 110 165 181 252 
103 165 224 
104 166 225 
105 167 226 
106 168 227 
107 145 228 
108 146 229 
109 147 230 
110 148 231 
111 149 232 
112 150 233 
113 151 234 
114 152 235 
115 153 236 
116 154 237 
117 155 238 
118 156 239 
119 157 240 
120 158 217 
97 159 218 
98 160 219 
99 161 220 
100 162 221 
101 163 222 
102 164 223 
46 49 126 205 223 283 
47 50 127 206 224 284 
48 51 128 207 225 285 
25 52 129 208 226 286 
26 53 130 209 227 287 
27 54 131 210 228 288 
28 55 132 211 229 265 
29 56 133 212 230 266 
30 57 134 213 231 267 
31 58 135 214 232 268 
32 59 136 215 233 269 
33 60 137 216 234 270 
34 61 138 193 235 271 
35 62 139 194 236 272 
36 63 140 195 237 273 
37 64 141 196 238 274 
38 65 142 197 239 275 
39 66 143 198 240 276 
40 67 144 199 217 277 
41 68 121 200 218 278 
42 69 122 201 219 279 
43 70 123 202 220 280 
44 71 124 203 221 281 
45 72 125 204 222 282 
24 121 288 
1 122 265 
2 123 266 
3 124 267 
4 125 268 
5 126 269 
6 127 270 
7 128 271 
8 129 272 
9 130 273 
10 131 274 
11 132 275 
12 133 276 
13 134 277 
14 135 278 
15 136 279 
16 137 280 
17 138 281 
18 139 282 
19 140 283 
20 141 284 
21 142 285 
22 143 286 
23 144 287 
1 25 
2 26 
3 27 
4 28 
5 29 
6 30 
7 31 
8 32 
9 33 
10 34 
11 35 
12 36 
13 37 
14 38 
15 39 
16 40 
17 41 
18 42 
19 43 
20 44 
21 45 
22 46 
23 47 
24 48 
25 49 
26 50 
27 51 
28 52 
29 53 
30 54 
31 55 
32 56 
33 57 
34 58 
35 59 
36 60 
37 61 
38 62 
39 63 
40 64 
41 65 
42 66 
43 67 
44 68 
45 69 
46 70 
47 71 
48 72 
49 73 
50 74 
51 75 
52 76 
53 77 
54 78 
55 79 
56 80 
57 81 
58 82 
59 83 
60 84 
61 85 
62 86 
63 87 
64 88 
65 89 
66 90 
67 91 
68 92 
69 93 
70 94 
71 95 
72 96 
73 97 
74 98 
75 99 
76 100 
77 101 
78 102 
79 103 
80 104 
81 105 
82 106 
83 107 
84 108 
85 109 
86 110 
87 111 
88 112 
89 113 
90 114 
91 115 
92 116 
93 117 
94 118 
95 119 
96 120 
97 121 
98 122 
99 123 
100 124 
101 125 
102 126 
103 127 
104 128 
105 129 
106 130 
107 131 
108 132 
109 133 
110 134 
111 135 
112 136 
113 137 
114 138 
115 139 
116 140 
117 141 
118 142 
119 143 
120 144 
121 145 
122 146 
123 147 
124 148 
125 149 
126 150 
127 151 
128 152 
129 153 
130 154 
131 155 
132 156 
133 157 
134 158 
135 159 
136 160 
137 161 
138 162 
139 163 
140 164 
141 165 
142 166 
143 167 
144 168 
145 169 
146 170 
147 171 
148 172 
149 173 
150 174 
151 175 
152 176 
153 177 
154 178 
155 179 
156 180 
157 181 
158 182 
159 183 
160 184 
161 185 
162 186 
163 187 
164 188 
165 189 
166 190 
167 191 
168 192 
169 193 
170 194 
171 195 
172 196 
173 197 
174 198 
175 199 
176 200 
177 201 
178 202 
179 203 
180 204 
181 205 
182 206 
183 207 
184 208 
185 209 
186 210 
187 211 
188 212 
189 213 
190 214 
191 215 
192 216 
193 217 
194 218 
195 219 
196 220 
197 221 
198 222 
199 223 
200 224 
201 225 
202 226 
203 227 
204 228 
205 229 
206 230 
207 231 
208 232 
209 233 
210 234 
211 235 
212 236 
213 237 
214 238 
215 239 
216 240 
217 241 
218 242 
219 243 
220 244 
221 245 
222 246 
223 247 
224 248 
225 249 
226 250 
227 251 
228 252 
229 253 
230 254 
231 255 
232 256 
233 257 
234 258 
235 259 
236 260 
237 261 
238 262 
239 263 
240 264 
241 265 
242 266 
243 267 
244 268 
245 269 
246 270 
247 271 
248 272 
249 273 
250 274 
251 275 
252 276 
253 277 
254 278 
255 279 
256 280 
257 281 
258 282 
259 283 
260 284 
261 285 
262 286 
263 287 
264 288 
48 67 206 237 290 313 
25 68 207 238 291 314 
26 69 208 239 292 315 
27 70 209 240 293 316 
28 71 210 217 294 317 
29 72 211 218 295 318 
30 49 212 219 296 319 
31 50 213 220 297 320 
32 51 214 221 298 321 
33 52 215 222 299 322 
34 53 216 223 300 323 
35 54 193 224 301 324 
36 55 194 225 302 325 
37 56 195 226 303 326 
38 57 196 227 304 327 
39 58 197 228 305 328 
40 59 198 229 306 329 
41 60 199 230 307 330 
42 61 200 231 308 331 
43 62 201 232 309 332 
44 63 202 233 310 333 
45 64 203 234 311 334 
46 65 204 235 312 335 
47 66 205 236 289 336 
31 126 164 171 268 313 337 
32 127 165 172 269 314 338 
33 128 166 173 270 315 339 
34 129 167 174 271 316 340 
35 130 168 175 272 317 341 
36 131 145 176 273 318 342 
37 132 146 177 274 319 343 
38 133 147 178 275 320 344 
39 134 148 179 276 321 345 
40 135 149 180 277 322 346 
41 136 150 181 278 323 347 
42 137 151 182 279 324 348 
43 138 152 183 280 325 349 
44 139 153 184 281 326 350 
45 140 154 185 282 327 351 
46 141 155 186 283 328 352 
47 142 156 187 284 329 353 
48 143 157 188 285 330 354 
25 144 158 189 286 331 355 
26 121 159 190 287 332 356 
27 122 160 191 288 333 357 
28 123 161 192 265 334 358 
29 124 162 169 266 335 359 
30 125 163 170 267 336 360 
79 102 141 177 265 337 361 
80 103 142 178 266 338 362 
81 104 143 179 267 339 363 
82 105 144 180 268 340 364 
83 106 121 181 269 341 365 
84 107 122 182 270 342 366 
85 108 123 183 271 343 367 
86 109 124 184 272 344 368 
87 110 125 185 273 345 369 
88 111 126 186 274 346 370 
89 112 127 187 275 347 371 
90 113 128 188 276 348 372 
91 114 129 189 277 349 373 
92 115 130 190 278 350 374 
93 116 131 191 279 351 375 
94 117 132 192 280 352 376 
95 118 133 169 281 353 377 
96 119 134 170 282 354 378 
73 120 135 171 283 355 379 
74 97 136 172 284 356 380 
75 98 137 173 285 357 381 
76 99 138 174 286 358 382 
77 100 139 175 287 359 383 
78 101 140 176 288 360 384 
16 60 209 223 361 385 
17 61 210 224 362 386 
18 62 211 225 363 387 
19 63 212 226 364 388 
20 64 213 227 365 389 
21 65 214 228 366 390 
22 66 215 229 367 391 
23 67 216 230 368 392 
24 68 193 231 369 393 
1 69 194 232 370 394 
2 70 195 233 371 395 
3 71 196 234 372 396 
4 72 197 235 373 397 
5 49 198 236 374 398 
6 50 199 237 375 399 
7 51 200 238 376 400 
8 52 201 239 377 401 
9 53 202 240 378 402 
10 54 203 217 379 403 
11 55 204 218 380 404 
12 56 205 219 381 405 
13 57 206 220 382 406 
14 58 207 221 383 407 
15 59 208 222 384 408 
58 166 227 259 385 409 
59 167 228 260 386 410 
60 168 229 261 387 411 
61 145 230 262 388 412 
62 146 231 263 389 413 
63 147 232 264 390 414 
64 148 233 241 391 415 
65 149 234 242 392 416 
66 150 235 243 393 417 
67 151 236 244 394 418 
68 152 237 245 395 419 
69 153 238 246 396 420 
70 154 239 247 397 421 
71 155 240 248 398 422 
72 156 217 249 399 423 
49 157 218 250 400 424 
50 158 219 251 401 425 
51 159 220 252 402 426 
52 160 221 253 403 427 
53 161 222 254 404 428 
54 162 223 255 405 429 
55 163 224 256 406 430 
56 164 225 257 407 431 
57 165 226 258 408 432 
108 131 189 284 289 409 433 
109 132 190 285 290 410 434 
110 133 191 286 291 411 435 
111 134 192 287 292 412 436 
112 135 169 288 293 413 437 
113 136 170 265 294 414 438 
114 137 171 266 295 415 439 
115 138 172 267 296 416 440 
116 139 173 268 297 417 441 
117 140 174 269 298 418 442 
118 141 175 270 299 419 443 
119 142 176 271 300 420 444 
120 143 177 272 301 421 445 
97 144 178 273 302 422 446 
98 121 179 274 303 423 447 
99 122 180 275 304 424 448 
100 123 181 276 305 425 449 
101 124 182 277 306 426 450 
102 125 183 278 307 427 451 
103 126 184 279 308 428 452 
104 127 185 280 309 429 453 
105 128 186 281 310 430 454 
106 129 187 282 311 431 455 
107 130 188 283 312 432 456 
72 86 220 245 433 457 
49 87 221 246 434 458 
50 88 222 247 435 459 
51 89 223 248 436 460 
52 90 224 249 437 461 
53 91 225 250 438 462 
54 92 226 251 439 463 
55 93 227 252 440 464 
56 94 228 253 441 465 
57 95 229 254 442 466 
58 96 230 255 443 467 
59 73 231 256 444 468 
60 74 232 257 445 469 
61 75 233 258 446 470 
62 76 234 259 447 471 
63 77 235 260 448 472 
64 78 236 261 449 473 
65 79 237 262 450 474 
66 80 238 263 451 475 
67 81 239 264 452 476 
68 82 240 241 453 477 
69 83 217 242 454 478 
70 84 218 243 455 479 
71 85 219 244 456 480 
27 67 145 228 457 481 
28 68 146 229 458 482 
29 69 147 230 459 483 
30 70 148 231 460 484 
31 71 149 232 461 485 
32 72 150 233 462 486 
33 49 151 234 463 487 
34 50 152 235 464 488 
35 51 153 236 465 489 
36 52 154 237 466 490 
37 53 155 238 467 491 
38 54 156 239 468 492 
39 55 157 240 469 493 
40 56 158 217 470 494 
41 57 159 218 471 495 
42 58 160 219 472 496 
43 59 161 220 473 497 
44 60 162 221 474 498 
45 61 163 222 475 499 
46 62 164 223 476 500 
47 63 165 224 477 501 
48 64 166 225 478 502 
25 65 167 226 479 503 
26 66 168 227 480 504 
4 117 127 179 277 481 505 
5 118 128 180 278 482 506 
6 119 129 181 279 483 507 
7 120 130 182 280 484 508 
8 97 131 183 281 485 509 
9 98 132 184 282 486 510 
10 99 133 185 283 487 511 
11 100 134 186 284 488 512 
12 101 135 187 285 489 513 
13 102 136 188 286 490 514 
14 103 137 189 287 491 515 
15 104 138 190 288 492 516 
16 105 139 191 265 493 517 
17 106 140 192 266 494 518 
18 107 141 169 267 495 519 
19 108 142 170 268 496 520 
20 109 143 171 269 497 521 
21 110 144 172 270 498 522 
22 111 121 173 271 499 523 
23 112 122 174 272 500 524 
24 113 123 175 273 501 525 
1 114 124 176 274 502 526 
2 115 125 177 275 503 527 
3 116 126 178 276 504 528 
144 183 258 283 505 529 
121 184 259 284 506 530 
122 185 260 285 507 531 
123 186 261 286 508 532 
124 187 262 287 509 533 
125 188 263 288 510 534 
126 189 264 265 511 535 
127 190 241 266 512 536 
128 191 242 267 513 537 
129 192 243 268 514 538 
130 169 244 269 515 539 
131 170 245 270 516 540 
132 171 246 271 517 541 
133 172 247 272 518 542 
134 173 248 273 519 543 
135 174 249 274 520 544 
136 175 250 275 521 545 
137 176 251 276 522 546 
138 177 252 277 523 547 
139 178 253 278 524 548 
140 179 254 279 525 549 
141 180 255 280 526 550 
142 181 256 281 527 551 
143 182 257 282 528 552 
50 89 202 229 529 553 
51 90 203 230 530 554 
52 91 204 231 531 555 
53 92 205 232 532 556 
54 93 206 233 533 557 
55 94 207 234 534 558 
56 95 208 235 535 559 
57 96 209 236 536 560 
58 73 210 237 537 561 
59 74 211 238 538 562 
60 75 212 239 539 563 
61 76 213 240 540 564 
62 77 214 217 541 565 
63 78 215 218 542 566 
64 79 216 219 543 567 
65 80 193 220 544 568 
66 81 194 221 545 569 
67 82 195 222 546 570 
68 83 196 223 547 571 
69 84 197 224 548 572 
70 85 198 225 549 573 
71 86 199 226 550 574 
72 87 200 227 551 575 
49 88 201 228 552 576 
11 137 179 271 290 553 
12 138 180 272 291 554 
13 139 181 273 292 555 
14 140 182 274 293 556 
15 141 183 275 294 557 
16 142 184 276 295 558 
17 143 185 277 296 559 
18 144 186 278 297 560 
19 121 187 279 298 561 
20 122 188 280 299 562 
21 123 189 281 300 563 
22 124 190 282 301 564 
23 125 191 283 302 565 
24 126 192 284 303 566 
1 127 169 285 304 567 
2 128 170 286 305 568 
3 129 171 287 306 569 
4 130 172 288 307 570 
5 131 173 265 308 571 
6 132 174 266 309 572 
7 133 175 267 310 573 
8 134 176 268 311 574 
9 135 177 269 312 575 
10 136 178 270 289 576 
144 
313 314 315 316 317 318 319 320 321 322 323 324 325 326 327 328 329 330 331 332 333 334 335 336 337 338 339 340 341 342 343 344 345 346 347 348 349 350 351 352 353 354 355 356 357 358 359 360 361 362 363 364 365 366 367 368 369 370 371 372 373 374 375 376 377 378 379 380 381 382 383 384 457 458 459 460 461 462 463 464 465 466 467 468 469 470 471 472 473 474 475 476 477 478 479 480 481 482 483 484 485 486 487 488 489 490 491 492 493 494 495 496 497 498 499 500 501 502 503 504 529 530 531 532 533 534 535 536 537 538 539 540 541 542 543 544 545 546 547 548 549 550 551 552    