240 120 16
2 4
2 2 2 2 2 2 2 2 2 2 2 2 2 2 2 2 2 2 2 2 2 2 2 2 2 2 2 2 2 2 2 2 2 2 2 2 2 2 2 2 2 2 2 2 2 2 2 2 2 2 2 2 2 2 2 2 2 2 2 2 2 2 2 2 2 2 2 2 2 2 2 2 2 2 2 2 2 2 2 2 2 2 2 2 2 2 2 2 2 2 2 2 2 2 2 2 2 2 2 2 2 2 2 2 2 2 2 2 2 2 2 2 2 2 2 2 2 2 2 2 2 2 2 2 2 2 2 2 2 2 2 2 2 2 2 2 2 2 2 2 2 2 2 2 2 2 2 2 2 2 2 2 2 2 2 2 2 2 2 2 2 2 2 2 2 2 2 2 2 2 2 2 2 2 2 2 2 2 2 2 2 2 2 2 2 2 2 2 2 2 2 2 2 2 2 2 2 2 2 2 2 2 2 2 2 2 2 2 2 2 2 2 2 2 2 2 2 2 2 2 2 2 2 2 2 2 2 2 2 2 2 2 2 2 2 2 2 2 2 2 
4 4 4 4 4 4 4 4 4 4 4 4 4 4 4 4 4 4 4 4 4 4 4 4 4 4 4 4 4 4 4 4 4 4 4 4 4 4 4 4 4 4 4 4 4 4 4 4 4 4 4 4 4 4 4 4 4 4 4 4 4 4 4 4 4 4 4 4 4 4 4 4 4 4 4 4 4 4 4 4 4 4 4 4 4 4 4 4 4 4 4 4 4 4 4 4 4 4 4 4 4 4 4 4 4 4 4 4 4 4 4 4 4 4 4 4 4 4 4 4 
76 13 46 5 
90 2 87 6 
100 3 5 7 
101 14 21 5 
38 2 88 14 
37 9 40 6 
117 13 28 6 
69 3 66 7 
33 11 26 4 
79 4 59 8 
92 10 84 2 
99 6 45 5 
115 4 91 12 
64 12 58 12 
112 15 57 4 
49 7 80 5 
6 4 83 8 
7 12 44 7 
114 8 25 12 
24 14 11 4 
108 11 32 5 
12 2 63 10 
54 3 109 15 
9 8 70 5 
118 3 1 11 
30 13 56 9 
105 7 34 11 
104 5 67 7 
75 15 31 7 
93 6 65 9 
97 5 120 10 
20 9 15 14 
13 15 81 5 
29 10 41 3 
36 4 68 7 
50 5 62 14 
103 5 14 5 
16 13 78 1 
48 14 51 7 
19 6 89 5 
94 4 119 3 
71 10 4 12 
98 15 107 8 
82 2 95 9 
47 9 111 3 
43 12 42 7 
23 10 77 5 
27 12 22 12 
85 9 72 11 
3 6 18 1 
86 14 61 3 
102 6 55 4 
17 3 113 11 
8 7 35 13 
39 9 106 9 
73 2 2 4 
91 14 116 10 
35 8 96 12 
1 5 53 14 
118 11 74 3 
22 2 60 8 
75 12 110 9 
112 6 10 10 
38 3 27 13 
62 1 80 8 
116 14 40 13 
14 13 33 6 
84 10 76 14 
36 4 5 13 
47 1 52 12 
37 5 94 2 
93 10 51 6 
46 9 23 10 
44 7 29 1 
67 3 15 5 
114 9 43 2 
25 10 4 2 
11 3 55 4 
61 11 21 10 
111 12 65 6 
8 3 88 2 
59 5 57 4 
86 1 34 2 
13 3 6 3 
30 13 120 10 
79 15 104 14 
107 3 39 4 
117 11 78 11 
98 10 108 15 
87 3 60 14 
19 11 50 14 
54 5 28 12 
49 3 52 5 
42 11 26 5 
56 5 72 8 
71 7 109 4 
10 11 53 15 
17 11 3 6 
81 7 20 4 
100 4 96 4 
12 7 102 13 
18 12 7 7 
31 12 92 13 
32 1 101 9 
77 15 103 3 
82 13 9 10 
69 6 119 7 
106 1 115 14 
66 10 85 12 
97 3 73 14 
74 8 64 4 
89 2 113 15 
58 9 48 9 
41 10 105 12 
83 9 63 3 
24 3 95 9 
110 11 2 4 
90 5 99 14 
45 4 16 6 
68 3 70 4 
28 7 15 7 
106 13 47 9 
105 3 112 11 
59 9 75 10 
84 10 70 6 
37 15 96 6 
97 11 49 14 
44 11 38 4 
5 3 109 6 
58 12 110 11 
77 11 6 10 
116 15 9 4 
118 7 50 3 
45 10 19 10 
114 5 27 1 
117 8 95 3 
24 14 64 1 
72 14 79 4 
34 5 74 13 
41 15 52 15 
31 1 85 2 
10 5 54 15 
81 8 62 12 
55 11 92 15 
2 5 23 14 
18 14 67 4 
107 12 25 13 
8 6 98 10 
17 2 1 3 
89 8 26 6 
82 6 73 11 
86 11 99 15 
40 12 16 6 
113 10 30 4 
90 3 36 3 
13 14 11 7 
20 7 100 8 
76 10 78 3 
22 6 101 6 
7 8 65 12 
120 4 68 15 
108 12 3 15 
46 10 60 13 
94 10 104 1 
71 4 21 9 
32 3 91 6 
29 8 119 6 
35 12 53 4 
42 4 102 6 
39 11 57 1 
111 6 66 13 
12 15 115 12 
80 2 51 12 
4 13 63 7 
43 6 103 8 
56 13 14 13 
93 15 87 9 
69 15 83 11 
48 3 33 8 
61 15 88 7 
41 11 75 15 
107 1 50 1 
30 3 11 9 
95 5 66 5 
26 4 105 14 
112 11 76 12 
43 3 7 8 
81 5 32 6 
23 12 108 3 
14 8 115 2 
92 15 61 9 
52 6 8 9 
17 4 80 5 
93 4 34 7 
62 9 117 15 
51 15 102 3 
20 7 29 15 
65 8 40 1 
83 12 70 6 
68 2 48 8 
88 9 16 2 
53 14 114 12 
90 7 57 9 
59 15 27 10 
96 8 87 13 
73 3 86 9 
37 6 39 12 
5 11 111 2 
82 14 10 3 
47 4 13 9 
99 13 6 7 
33 12 35 13 
72 1 46 2 
120 14 118 11 
94 6 103 9 
106 14 28 9 
54 10 31 2 
63 2 18 5 
116 2 113 11 
110 6 91 1 
64 3 38 12 
97 3 101 14 
9 12 79 14 
56 14 44 15 
25 9 85 12 
77 6 78 2 
67 12 74 13 
4 2 49 4 
15 9 2 15 
119 11 55 1 
19 6 22 7 
12 4 45 4 
36 8 3 8 
84 6 60 13 
21 10 104 3 
100 3 89 7 
42 9 109 3 
71 12 58 1 
24 12 98 15 
1 12 69 8 
240 12 149 3 59 5 25 11 
229 15 145 5 117 4 56 4 
233 8 162 15 98 6 50 6 
228 2 174 13 77 2 42 12 
208 11 129 3 69 13 3 7 
211 7 131 10 84 3 17 4 
187 8 160 8 102 7 18 12 
192 9 148 6 81 3 54 7 
223 12 132 4 106 10 24 8 
209 3 142 5 97 11 63 10 
183 9 156 7 78 3 20 4 
232 4 172 15 101 7 22 2 
210 9 156 14 84 3 33 15 
190 8 176 13 67 13 37 5 
229 9 121 7 75 5 32 14 
201 2 153 6 119 6 38 13 
193 4 149 2 98 11 53 3 
218 5 146 14 102 12 50 1 
231 6 134 10 91 11 40 6 
197 7 157 7 99 4 32 9 
235 10 165 9 79 10 4 5 
231 7 159 6 61 2 48 12 
189 12 145 14 73 10 47 10 
239 12 137 14 116 3 20 14 
225 9 147 13 77 10 19 12 
185 4 150 6 94 5 9 4 
204 10 135 1 64 13 48 12 
216 9 121 7 92 12 7 6 
197 15 167 8 74 1 34 10 
183 3 154 4 85 13 26 13 
217 2 141 1 103 12 29 7 
188 6 166 3 104 1 21 5 
212 12 179 8 67 6 9 11 
194 7 139 5 83 2 27 11 
212 13 168 12 58 8 54 13 
233 8 155 3 69 4 35 4 
207 6 126 15 71 5 6 9 
221 12 128 4 64 3 5 2 
207 12 170 11 87 4 55 9 
198 1 153 12 66 13 6 6 
181 11 140 15 114 10 34 3 
237 9 169 4 94 11 46 7 
187 3 175 6 76 2 46 12 
224 15 128 11 74 7 18 7 
232 4 134 10 119 4 12 5 
213 2 163 10 73 9 1 5 
210 4 122 9 70 1 45 9 
200 8 179 3 113 9 39 14 
228 4 127 14 93 3 16 7 
182 1 133 3 91 14 36 5 
196 15 173 12 72 6 39 7 
192 6 140 15 93 5 70 12 
202 14 168 4 97 15 59 14 
217 10 142 15 92 5 23 3 
230 1 144 11 78 4 52 4 
224 14 176 13 95 5 26 9 
203 9 170 1 82 4 15 4 
238 1 130 12 113 9 14 12 
204 15 124 9 82 5 10 8 
234 13 163 13 90 14 61 8 
191 9 180 15 79 11 51 3 
195 9 143 12 65 1 36 14 
218 2 174 7 115 3 22 10 
221 3 137 1 111 4 14 12 
198 8 160 12 80 6 30 9 
184 5 171 13 109 10 8 7 
227 12 146 4 75 3 28 7 
200 2 161 15 120 3 35 7 
240 8 178 15 107 6 8 3 
199 6 125 6 120 4 24 5 
238 12 165 4 96 7 42 10 
213 1 138 14 95 8 49 11 
206 3 151 11 110 14 56 2 
227 13 139 13 111 8 60 3 
181 15 124 10 62 12 29 15 
186 12 158 10 68 14 1 13 
226 6 131 11 105 15 47 5 
226 2 158 3 88 11 38 1 
223 14 138 4 86 15 10 4 
193 5 173 2 65 8 16 5 
188 5 143 8 99 7 33 5 
209 14 151 6 106 13 44 2 
199 12 178 11 115 9 17 8 
234 6 125 10 68 10 11 2 
225 12 141 2 109 12 49 9 
206 9 152 11 83 1 51 14 
205 13 177 9 90 3 2 6 
201 9 180 7 81 2 5 14 
236 7 150 8 112 2 40 5 
203 7 155 3 118 5 2 2 
220 1 166 6 57 14 13 12 
191 15 144 15 103 13 11 10 
194 4 177 15 72 10 30 6 
215 6 164 10 71 2 41 4 
184 5 136 3 116 9 44 9 
205 8 126 6 100 4 58 12 
222 3 127 11 110 3 31 5 
239 15 148 10 89 10 43 15 
211 13 152 15 118 14 12 6 
236 3 157 8 100 4 3 3 
222 14 159 6 104 9 4 14 
196 3 169 6 101 13 52 6 
215 9 175 8 105 3 37 5 
235 3 164 1 86 14 28 5 
185 14 123 3 114 12 27 7 
216 14 122 13 108 1 55 9 
182 1 147 12 87 3 43 8 
189 3 162 12 89 15 21 11 
237 3 129 6 96 4 23 15 
220 6 130 11 117 11 62 9 
208 2 171 6 80 12 45 3 
186 11 123 11 63 6 15 15 
219 11 154 10 112 15 53 11 
202 12 135 5 76 9 19 8 
190 2 172 12 108 14 13 4 
219 2 132 15 66 14 57 10 
195 15 136 8 88 11 7 13 
214 11 133 7 60 11 25 3 
230 11 167 6 107 7 41 3 
214 14 161 4 85 10 31 10 
